> 1. time window length: 10 m.y.; step: 5.0 m.y.
275.137914	77.0271625	0	6.84932769	6.84932769	-69.2581652	1331.63	2	0	5
303.382668	72.3019925	5	23.6213982	23.6213982	-45.6338125	28.2934	3	0	14
326.600006	57.4000015	10	5.4000001	3.0999999	-31.5274586	380.8	1	1	14
296.115185	53.9947391	60	63.929731	63.929731	-50.1043913	3.04394	4	60	68
284.396232	39.5541964	65	8.40599006	8.40599006	-60.2204026	15.2773	21	60	70
282.588438	36.8085419	70	4.01638	4.01638	-61.4355452	85.3206	16	63	70
290	33.5	85	5	5	-64.039451	37	1	65	105
296.064904	13.119299	115	10.7304027	10.7304027	-50.8877088	51.8009	5	112	125
296.064904	13.119299	120	10.7304027	10.7304027	-50.8877088	51.8009	5	112	125
