> 1. time window length: 10 m.y.; step: 5.0 m.y.
316.77848050026	81.49868636863	0.0	7.168486	7.168486	-30.86196522220	60.67	8	0.000000	14.000000
321.01420833010	80.16726694024	5.0	5.741739	5.741739	-28.90818755360	53.10	13	0.000000	25.000000
321.13748837017	78.78353756392	10.0	8.238705	8.238705	-30.75066857740	40.01	9	1.000000	25.000000
312.57080478048	83.54036583727	15.0	9.124911	9.124911	-36.59349610710	26.00	11	1.000000	29.000000
199.15636510227	87.77081351759	20.0	13.374763	13.374763	215.97704297500	26.05	6	5.000000	29.000000
189.38108312009	75.41350436814	25.0	15.096021	15.096021	214.10095647000	16.94	7	5.000000	55.000000
220.10114293914	71.07711844002	30.0	19.664450	19.664450	242.39934614500	12.56	6	16.000000	60.000000
230.36848413398	68.65777581508	35.0	22.606273	22.606273	251.88944407400	12.41	5	25.000000	60.000000
239.52094305730	72.49521208446	40.0	20.475630	20.475630	259.84498932800	9.64	7	25.000000	65.000000
239.52094305730	72.49521208446	45.0	20.475630	20.475630	259.84498932800	9.64	7	25.000000	65.000000
232.44411759167	69.87122042077	50.0	16.076310	16.076310	253.98800447400	11.21	9	25.000000	65.000000
250.22992669685	63.99617918403	55.0	17.772894	17.772894	269.58902410000	9.35	9	25.000000	65.000000
279.58646405031	42.73938788467	60.0	7.017283	7.017283	-65.80184802850	12.57	36	30.000000	70.000000
281.84692739409	40.93641030255	65.0	8.336933	8.336933	-63.50168366480	8.96	37	40.000000	105.000000
281.77750507513	37.17318146680	70.0	7.928701	7.928701	-62.72856159480	11.97	30	60.000000	120.000000
282.93619407670	36.20899161418	75.0	75.151644	75.151644	-61.73585802410	2.00	5	65.000000	120.000000
282.93619407670	36.20899161418	80.0	75.151644	75.151644	-61.73585802410	2.00	5	65.000000	120.000000
281.01687499131	34.73674974443	85.0	75.871595	75.871595	-63.55661776560	1.98	5	65.000000	135.000000
273.91995554043	25.44547312048	90.0	34.202419	34.202419	-70.90015964620	14.05	3	65.000000	135.000000
273.91995554043	25.44547312048	95.0	34.202419	34.202419	-70.90015964620	14.05	3	65.000000	135.000000
273.91995554043	25.44547312048	100.0	34.202419	34.202419	-70.90015964620	14.05	3	65.000000	135.000000
273.91995554043	25.44547312048	105.0	34.202419	34.202419	-70.90015964620	14.05	3	65.000000	135.000000
270.88232765578	19.54206335570	110.0	28.044327	28.044327	-70.15697785350	20.38	3	70.000000	135.000000
287.78456231336	16.57516798984	115.0	19.423729	19.423729	-60.99513004920	5.96	12	70.000000	135.000000
287.78456231336	16.57516798984	120.0	19.423729	19.423729	-60.99513004920	5.96	12	70.000000	135.000000
