> 1. time window length: 10 m.y.; step: 5.0 m.y.
277.36897080342	44.63339953479	60.0	21.826289	21.826289	-67.57849609570	6.52	9	60.000000	68.000000
280.73361842664	39.20210878236	65.0	6.561681	6.561681	-63.88106597180	18.24	28	60.000000	105.000000
280.76290720742	37.27185122200	70.0	3.537799	3.537799	-63.57907835480	81.71	21	63.000000	105.000000
294.95610976349	27.62898093548	75.0	32.153177	32.153177	-49.13151666590	62.44	2	65.000000	105.000000
294.95610976349	27.62898093548	80.0	32.153177	32.153177	-49.13151666590	62.44	2	65.000000	105.000000
294.95610976349	27.62898093548	85.0	32.153177	32.153177	-49.13151666590	62.44	2	65.000000	105.000000
290.00000000000	33.50000000000	90.0	5.000000	5.000000	-64.03945098960	37.00	1	65.000000	105.000000
290.00000000000	33.50000000000	95.0	5.000000	5.000000	-64.03945098960	37.00	1	65.000000	105.000000
290.00000000000	33.50000000000	100.0	5.000000	5.000000	-64.03945098960	37.00	1	65.000000	105.000000
290.00000000000	33.50000000000	105.0	5.000000	5.000000	-64.03945098960	37.00	1	65.000000	105.000000
294.16050510199	15.05621554602	115.0	25.465421	25.465421	-57.37423544340	5.04	9	115.000000	118.000000
294.16050510199	15.05621554602	120.0	25.465421	25.465421	-57.37423544340	5.04	9	115.000000	120.000000
