> 1. time window length: 10 m.y.; step: 5.0 m.y.
283.76908770133	73.73546102276	0.0	7.420998	7.420998	-63.19776161800	56.67	8	0.000000	14.000000
289.80242575045	73.46325600713	5.0	5.446386	5.446386	-59.28034438790	58.90	13	0.000000	25.000000
294.01879336143	72.57517201815	10.0	7.664517	7.664517	-56.99580723090	46.08	9	1.000000	25.000000
278.37568341386	75.74042028734	15.0	9.180581	9.180581	-70.16245911190	25.70	11	1.000000	29.000000
242.95925214111	77.93514284774	20.0	12.987311	12.987311	259.77913196400	27.57	6	5.000000	29.000000
210.00315052765	69.62621102308	25.0	13.091252	13.091252	233.75184592400	22.21	7	5.000000	55.000000
225.68019194863	65.82531269852	30.0	18.224459	18.224459	247.67139117400	14.47	6	16.000000	60.000000
232.90395093474	64.48122039438	35.0	21.747772	21.747772	254.25658922000	13.33	5	25.000000	60.000000
241.82503517291	67.18595293315	40.0	20.260675	20.260675	262.02067127600	9.83	7	25.000000	65.000000
241.82503517291	67.18595293315	45.0	20.260675	20.260675	262.02067127600	9.83	7	25.000000	65.000000
235.25977190653	65.43832834559	50.0	15.628275	15.628275	256.60947324100	11.81	9	25.000000	65.000000
250.09969691006	62.05794975933	55.0	16.673953	16.673953	269.47887713300	10.49	9	25.000000	65.000000
279.54941066127	43.74675863371	60.0	6.932909	6.932909	-65.72359624520	13.21	35	30.000000	70.000000
282.45375668890	39.94926011796	65.0	6.385231	6.385231	-62.48834024220	14.98	36	40.000000	105.000000
282.61715774765	36.48324365112	70.0	4.363028	4.363028	-61.43365933320	38.59	29	60.000000	120.000000
286.02993740593	25.88648537787	75.0	20.919282	20.919282	-56.27290847760	14.33	5	65.000000	120.000000
286.02993740593	25.88648537787	80.0	20.919282	20.919282	-56.27290847760	14.33	5	65.000000	120.000000
285.60380581510	25.45932155809	85.0	20.714180	20.714180	-56.18013176800	14.60	5	65.000000	135.000000
278.47430486814	33.59890136938	90.0	32.931648	32.931648	-68.04884606710	15.07	3	65.000000	135.000000
278.47430486814	33.59890136938	95.0	32.931648	32.931648	-68.04884606710	15.07	3	65.000000	135.000000
278.47430486814	33.59890136938	100.0	32.931648	32.931648	-68.04884606710	15.07	3	65.000000	135.000000
278.47430486814	33.59890136938	105.0	32.931648	32.931648	-68.04884606710	15.07	3	65.000000	135.000000
272.42105630304	33.22109275641	110.0	180.000000	180.000000	-70.34576234880	8.98	2	70.000000	135.000000
290.27989265675	18.90088020489	115.0	21.733477	21.733477	-60.25406738310	5.38	11	70.000000	135.000000
290.27989265675	18.90088020489	120.0	21.733477	21.733477	-60.25406738310	5.38	11	70.000000	135.000000
