> 1. time window length: 10 m.y.; step: 5.0 m.y.
275.09749620286	77.02300216165	0.0	6.849189	6.849189	-69.29490597450	1331.68	2	0.000000	5.000000
301.03221893677	72.97981099242	5.0	22.880203	22.880203	-47.50766521600	30.09	3	0.000000	14.000000
326.60000600000	57.40000150000	10.0	5.400000	3.100000	-31.52745857540	380.80	1	1.000000	14.000000
297.11241347636	54.74698008179	60.0	65.702643	65.702643	-49.29930251080	2.93	4	60.000000	68.000000
284.89066220832	39.43327213991	65.0	8.413307	8.413307	-59.72658112640	15.25	21	60.000000	70.000000
283.19920809484	36.54307116266	70.0	4.022739	4.022739	-60.77428362820	85.05	16	63.000000	70.000000
290.00000000000	33.50000000000	85.0	5.000000	5.000000	-64.03945098960	37.00	1	65.000000	105.000000
296.22826214628	13.06987291372	115.0	10.489071	10.489071	-50.70441995170	54.17	5	112.000000	125.000000
296.07664552613	13.37238024595	120.0	10.729252	10.729252	-51.02716070520	51.81	5	112.000000	125.000000
