> 1. time window length: 10 m.y.; step: 5.0 m.y.
275.13791422834	77.02716253790	0.0	6.849328	6.849328	-69.25816520970	1331.63	2	0.000000	5.000000
298.32325129668	73.68337347330	5.0	21.858054	21.858054	-49.70543052330	32.86	3	0.000000	14.000000
326.60000600000	57.40000150000	10.0	5.400000	3.100000	-31.52745857540	380.80	1	1.000000	14.000000
300.55253286529	57.69833076783	60.0	70.757225	70.757225	-46.48746833290	2.67	4	60.000000	68.000000
284.39623197313	39.55419642441	65.0	8.405990	8.405990	-60.22040263340	15.28	21	60.000000	70.000000
282.40425531278	36.65978740257	70.0	4.008798	4.008798	-61.57710840440	85.64	16	63.000000	70.000000
290.00000000000	33.50000000000	85.0	5.000000	5.000000	-64.03945098960	37.00	1	65.000000	105.000000
296.74778691425	11.72701502014	115.0	9.441872	9.441872	-49.39503218620	66.63	5	112.000000	125.000000
296.46288574907	12.30989575777	120.0	10.034020	10.034020	-50.02298276080	59.10	5	112.000000	125.000000
