> 1. time window length: 10 m.y.; step: 5.0 m.y.
275.07462896967	77.02064442662	0.0	6.848988	6.848988	-69.31569219430	1331.76	2	0.000000	5.000000
300.25310029214	73.18592742477	5.0	22.614028	22.614028	-48.13690527310	30.77	3	0.000000	14.000000
326.60000600000	57.40000150000	10.0	5.400000	3.100000	-31.52745857540	380.80	1	1.000000	14.000000
295.18253062047	52.89906005334	60.0	62.137140	62.137140	-50.81450101240	3.16	4	60.000000	68.000000
284.49065185469	39.37800373912	65.0	8.239483	8.239483	-60.09081146790	15.86	21	60.000000	70.000000
282.73754641621	36.72270716018	70.0	3.908715	3.908715	-61.26858790110	90.03	16	63.000000	70.000000
290.00000000000	33.50000000000	85.0	5.000000	5.000000	-64.03945098960	37.00	1	65.000000	105.000000
296.35684334973	12.50220806350	115.0	10.239964	10.239964	-50.24017730200	56.79	5	112.000000	125.000000
296.35684334973	12.50220806350	120.0	10.239964	10.239964	-50.24017730200	56.79	5	112.000000	125.000000
