> 1. time window length: 10 m.y.; step: 5.0 m.y.
260.38788951128	76.10781372337	0.0	7.084462	7.084462	-82.03221600348	303.86	3	0.000000	5.000000
286.61081056083	74.58119142377	5.0	12.622385	12.622385	-59.49036318950	37.70	5	0.000000	14.000000
294.75997575453	71.80957451384	10.0	26.973351	26.973351	-53.70925633750	21.95	3	1.000000	18.000000
260.21482921648	82.45632243586	15.0	47.980620	47.980620	-81.89216868614	29.23	2	5.000000	25.000000
216.33108640008	63.88844854381	40.0	19.908585	19.908585	240.94606003000	22.27	4	25.000000	55.000000
200.69999700000	61.50000000000	45.0	14.400000	7.500000	228.13959993500	17.00	1	40.000000	49.000000
201.80000300000	59.40000150000	55.0	14.900000	7.700000	230.73679860200	13.50	1	50.000000	60.000000
275.12587233679	36.29374853441	60.0	10.706769	10.706769	-67.71907984820	52.03	5	60.000000	68.000000
278.31086731101	40.15121549274	65.0	8.921169	8.921169	-67.17260240590	13.67	21	60.000000	70.000000
281.18483511721	35.00235023744	70.0	6.096873	6.096873	-62.60946853790	37.58	16	63.000000	83.000000
292.38904840001	16.21637131838	75.0	55.199344	55.199344	-48.51594581870	22.63	2	65.000000	83.000000
290.00000000000	33.50000000000	85.0	5.000000	5.000000	-64.03945098960	37.00	1	65.000000	105.000000
249.30000300000	36.50000000000	95.0	3.500000	2.100000	-89.15461577026	32.50	1	70.000000	120.000000
293.00000000000	26.10000040000	110.0	6.500000	4.800000	-47.02482194220	80.00	1	85.000000	135.000000
291.00903332963	19.03975614006	115.0	29.631873	29.631873	-61.01191167370	4.45	8	112.000000	125.000000
291.00903332963	19.03975614006	120.0	29.631873	29.631873	-61.01191167370	4.45	8	112.000000	125.000000
