> 1. time window length: 10 m.y.; step: 5.0 m.y.
274.951237	77.007873	0	6.84636342	6.84636342	-69.4278479	1332.78	2	0	5
303.430186	72.2569281	5	23.6965991	23.6965991	-45.6044007	28.1208	3	0	14
326.600006	57.4000015	10	5.4000001	3.0999999	-31.5274586	380.8	1	1	14
292.882537	49.9977836	60	56.69317	56.69317	-52.4891998	3.6018	4	60	68
285.666077	38.746102	65	7.93605358	7.93605358	-58.8373019	17.0209	21	60	70
284.255859	36.1960823	70	3.91199622	3.91199622	-59.6643305	89.882	16	63	70
290	33.5	85	5	5	-64.039451	37	1	65	105
295.312005	14.7532356	115	11.2825351	11.2825351	-52.5503327	46.9456	5	112	125
295.312005	14.7532356	120	11.2825351	11.2825351	-52.5503327	46.9456	5	112	125
