> 1. time window length: 10 m.y.; step: 5.0 m.y.
272.33441794040	74.62475902559	0.0	4.406253	4.406253	-73.17659738530	188.65	7	0.000000	14.000000
284.06285940352	74.22720558018	5.0	4.717318	4.717318	-64.35709219850	85.63	12	0.000000	25.000000
286.46934196093	73.75550578997	10.0	6.864369	6.864369	-63.82689118550	66.07	8	1.000000	25.000000
268.27140923868	76.36523306778	15.0	8.725961	8.725961	-79.42462468880	31.61	10	1.000000	29.000000
242.95925214111	77.93514284774	20.0	12.987311	12.987311	259.77913196400	27.57	6	5.000000	29.000000
210.00315052765	69.62621102308	25.0	13.091252	13.091252	233.75184592400	22.21	7	5.000000	55.000000
225.68019194863	65.82531269852	30.0	18.224459	18.224459	247.67139117400	14.47	6	16.000000	60.000000
232.90395093474	64.48122039438	35.0	21.747772	21.747772	254.25658922000	13.33	5	25.000000	60.000000
241.82503517291	67.18595293315	40.0	20.260675	20.260675	262.02067127600	9.83	7	25.000000	65.000000
241.82503517291	67.18595293315	45.0	20.260675	20.260675	262.02067127600	9.83	7	25.000000	65.000000
249.25830813485	66.04017734427	50.0	16.636026	16.636026	268.63878195600	10.53	9	25.000000	65.000000
262.32689542338	61.36828307997	55.0	16.564287	16.564287	-80.09685171879	10.62	9	25.000000	65.000000
281.18120252338	44.92994836111	60.0	7.791646	7.791646	-64.65197558420	10.38	36	30.000000	70.000000
282.38054829698	41.63819204198	65.0	7.687012	7.687012	-63.13206472770	10.37	37	40.000000	105.000000
282.53928588568	38.47774822710	70.0	6.990080	6.990080	-62.29441859310	15.12	30	60.000000	120.000000
286.02993740593	25.88648537787	75.0	20.919282	20.919282	-56.27290847760	14.33	5	65.000000	120.000000
286.02993740593	25.88648537787	80.0	20.919282	20.919282	-56.27290847760	14.33	5	65.000000	120.000000
285.60380581510	25.45932155809	85.0	20.714180	20.714180	-56.18013176800	14.60	5	65.000000	135.000000
278.47430486814	33.59890136938	90.0	32.931648	32.931648	-68.04884606710	15.07	3	65.000000	135.000000
278.47430486814	33.59890136938	95.0	32.931648	32.931648	-68.04884606710	15.07	3	65.000000	135.000000
278.47430486814	33.59890136938	100.0	32.931648	32.931648	-68.04884606710	15.07	3	65.000000	135.000000
278.47430486814	33.59890136938	105.0	32.931648	32.931648	-68.04884606710	15.07	3	65.000000	135.000000
277.54700712503	32.19119962048	110.0	32.256886	32.256886	-66.43637581990	15.66	3	70.000000	135.000000
289.97149543729	19.96398172719	115.0	19.619261	19.619261	-60.17764260060	5.86	12	70.000000	135.000000
289.97149543729	19.96398172719	120.0	19.619261	19.619261	-60.17764260060	5.86	12	70.000000	135.000000
