> 1. time window length: 10 m.y.; step: 5.0 m.y.
272.33441794040	74.62475902559	0.0	4.406253	4.406253	-73.17659738530	188.65	7	0.000000	14.000000
282.76321578462	72.72681812276	5.0	4.103879	4.103879	-66.11533398040	124.75	11	0.000000	18.000000
284.55767021223	71.35299874258	10.0	5.732366	5.732366	-66.65921652970	111.85	7	1.000000	18.000000
274.22001546205	73.66803588720	15.0	9.143999	9.143999	-75.23212153820	37.65	8	1.000000	29.000000
251.89825593360	74.53487542604	20.0	18.068303	18.068303	266.95502216800	26.82	4	5.000000	29.000000
195.02464275620	62.97372906163	25.0	22.914859	22.914859	221.15421915500	120.88	2	16.000000	50.000000
229.68349691628	67.32798742812	30.0	43.349568	43.349568	249.76912186800	9.15	3	16.000000	60.000000
249.04441469507	63.26808177213	35.0	180.000000	180.000000	266.61927839400	6.53	2	29.000000	60.000000
259.64748200096	67.48480090327	40.0	37.497774	37.497774	-83.23988162685	6.97	4	29.000000	65.000000
259.64748200096	67.48480090327	45.0	37.497774	37.497774	-83.23988162685	6.97	4	29.000000	65.000000
252.42791587776	65.18699315086	50.0	27.644405	27.644405	-89.45271946810	8.61	5	29.000000	65.000000
271.82578894750	55.76531714603	55.0	24.513727	24.513727	-73.04144433630	10.69	5	30.000000	65.000000
280.63454296277	44.55031668189	60.0	7.971953	7.971953	-65.18919780670	10.23	35	30.000000	70.000000
282.38054829698	41.63819204198	65.0	7.687012	7.687012	-63.13206472770	10.37	37	40.000000	105.000000
282.53928588568	38.47774822710	70.0	6.990080	6.990080	-62.29441859310	15.12	30	60.000000	120.000000
286.02993740593	25.88648537787	75.0	20.919282	20.919282	-56.27290847760	14.33	5	65.000000	120.000000
286.02993740593	25.88648537787	80.0	20.919282	20.919282	-56.27290847760	14.33	5	65.000000	120.000000
285.60380581510	25.45932155809	85.0	20.714180	20.714180	-56.18013176800	14.60	5	65.000000	135.000000
278.47430486814	33.59890136938	90.0	32.931648	32.931648	-68.04884606710	15.07	3	65.000000	135.000000
278.47430486814	33.59890136938	95.0	32.931648	32.931648	-68.04884606710	15.07	3	65.000000	135.000000
278.47430486814	33.59890136938	100.0	32.931648	32.931648	-68.04884606710	15.07	3	65.000000	135.000000
278.47430486814	33.59890136938	105.0	32.931648	32.931648	-68.04884606710	15.07	3	65.000000	135.000000
277.54700712503	32.19119962048	110.0	32.256886	32.256886	-66.43637581990	15.66	3	70.000000	135.000000
289.97149543729	19.96398172719	115.0	19.619261	19.619261	-60.17764260060	5.86	12	70.000000	135.000000
289.97149543729	19.96398172719	120.0	19.619261	19.619261	-60.17764260060	5.86	12	70.000000	135.000000
