> 1. time window length: 2 m.y.; step: 1.0 m.y.
298.306678	83.3978658	0	5.37436281	5.37436281	242.851765	73.1402	11	0	35
299.660238	84.0358426	1	5.25362031	5.25362031	244.556706	76.496	11	0	35
294.80351	87.4248592	2	3.48330145	3.48330145	250.490486	219.432	9	0	65
283.53358	86.4705183	3	3.4458282	3.4458282	238.705595	224.209	9	0	65
26.0928071	84.9900766	4	10.6481035	10.6481035	-14.3994584	21.5427	10	0	65
45.7408064	74.570682	5	13.8186411	13.8186411	9.43393595	11.8798	11	0	65
38.4911416	79.2956258	6	17.5836843	17.5836843	2.37351197	10.8778	8	0	65
258.409411	82.7270324	7	3.94018535	3.94018535	214.870763	235.679	7	0	65
260.771576	82.8282517	8	3.54838649	3.54838649	214.799957	244.659	8	0	65
262.873317	82.9060803	9	3.50996281	3.50996281	216.998671	250.024	8	0	65
281.821392	81.960732	10	3.9048737	3.9048737	235.215186	174.805	9	0	65
294.718989	79.7956322	11	3.96180242	3.96180242	241.830649	196.451	8	0	65
294.015969	79.3435632	12	3.89948366	3.89948366	240.874118	202.75	8	0	65
294.015969	79.3435632	13	3.89948366	3.89948366	240.874118	202.75	8	0	65
291.073774	79.8206185	14	4.19627877	4.19627877	237.808343	175.214	8	0	65
276.842045	80.6996052	15	4.50373436	4.50373436	221.995414	152.233	8	0	65
271.355741	82.3551872	16	3.81023461	3.81023461	224.391736	144.563	11	0	65
269.308313	82.3705628	17	3.43457438	3.43457438	220.814176	160.674	12	0	65
268.105055	81.7028847	18	3.23272202	3.23272202	219.244459	181.241	12	0	65
267.0838	82.7125885	19	3.35380945	3.35380945	218.655698	168.459	12	0	65
280.163052	83.2109889	20	3.7475555	3.7475555	231.907849	135.111	12	0	65
288.781541	81.9286504	21	4.01033548	4.01033548	241.959024	130.59	11	0	65
283.25196	81.5402402	22	3.72444915	3.72444915	234.340394	136.781	12	0	65
284.716982	78.7410849	23	3.30396634	3.30396634	231.826754	125.617	16	0	65
288.372483	75.9749567	24	3.8101723	3.8101723	230.792103	144.567	11	0	65
291.052042	74.7265818	25	3.43854417	3.43854417	231.284836	116.052	16	0	65
294.865187	72.4543072	26	4.28110919	4.28110919	236.91669	94.7357	13	0	65
294.865187	72.4543072	27	4.28110919	4.28110919	236.91669	94.7357	13	0	65
294.044313	73.1291908	28	4.5169519	4.5169519	236.321003	85.1994	13	0	65
292.95873	73.4674075	29	5.08207063	5.08207063	235.707002	73.9094	12	0	65
293.156766	72.7531736	30	5.41525046	5.41525046	232.616603	72.0544	11	0	65
293.156766	72.7531736	31	5.41525046	5.41525046	232.616603	72.0544	11	0	65
293.156766	72.7531736	32	5.41525046	5.41525046	232.616603	72.0544	11	0	65
287.808108	72.447274	33	4.56737982	4.56737982	225.252126	91.2757	12	0	65
287.283647	71.2964512	34	3.68564244	3.68564244	222.92377	108.606	15	0	65
290.590762	69.5390536	35	3.93924155	3.93924155	227.416661	66.0907	21	0	100
295.707051	67.4057891	36	5.71184043	5.71184043	232.046538	39.9738	17	2	100
300.581332	65.8528081	37	6.32626178	6.32626178	238.152238	34.97	16	2	100
300.581332	65.8528081	38	6.32626178	6.32626178	238.152238	34.97	16	2	100
302.452917	65.8728953	39	6.96284804	6.96284804	240.841417	29.0376	16	2	100
305.773849	66.0458394	40	7.57128605	7.57128605	245.263378	24.7081	16	2	100
306.074351	66.2090217	41	7.3317047	7.3317047	245.802379	26.2847	16	2	100
306.074351	66.2090217	42	7.3317047	7.3317047	245.802379	26.2847	16	2	100
306.074351	66.2090217	43	7.3317047	7.3317047	245.802379	26.2847	16	2	100
306.074351	66.2090217	44	7.3317047	7.3317047	245.802379	26.2847	16	2	100
306.074351	66.2090217	45	7.3317047	7.3317047	245.802379	26.2847	16	2	100
290.050597	62.4257801	46	7.14218324	7.14218324	219.307238	25.9171	17	2	100
284.341744	60.273141	47	6.55433743	6.55433743	209.712021	30.592	17	2	100
295.624994	65.6923975	48	5.1078206	5.1078206	228.195135	41.8056	20	2	100
302.502829	67.8376698	49	3.99667455	3.99667455	239.746233	71.4888	19	2	100
302.160698	67.2219815	50	4.10999217	4.10999217	237.378187	55.2139	23	2	300
301.063006	65.0034662	51	5.96524954	5.96524954	235.523833	30.912	20	2	300
307.850202	67.9940929	52	4.37107771	4.37107771	245.759473	48.9286	23	2	300
310.316434	68.8565572	53	3.82310896	3.82310896	249.634034	63.6587	23	2	300
311.068571	68.5570097	54	4.12420364	4.12420364	250.544361	54.8408	23	2	300
308.421187	67.2525181	55	5.05765518	5.05765518	246.573897	38.5456	22	2	300
301.287858	54.1367781	56	10.6851113	10.6851113	225.584463	9.00392	23	2	300
301.356848	48.9823862	57	12.4833439	12.4833439	219.061154	7.46188	21	2	300
301.131762	50.2799097	58	11.631333	11.631333	223.785091	8.08199	22	2	300
295.140715	54.9312378	59	12.1137095	12.1137095	220.94943	7.52756	22	2	300
280.427701	60.3973402	60	13.2304905	13.2304905	209.068959	6.75026	21	2	300
279.539674	60.1189939	61	13.6689127	13.6689127	208.421036	6.67834	20	2	300
275.783645	59.4464727	62	14.9368684	14.9368684	203.481977	5.75151	20	2	300
265.205854	57.781107	63	16.4686195	16.4686195	191.347764	4.9047	20	2	300
260.91313	57.2488625	64	16.2673167	16.2673167	186.902858	5.0025	20	2	300
267.443154	59.8000013	65	13.7377755	13.7377755	195.076745	5.83409	23	2	300
279.041692	62.8807088	66	14.7282294	14.7282294	209.590612	8.25246	14	35	300
279.041692	62.8807088	67	14.7282294	14.7282294	209.590612	8.25246	14	35	300
279.041692	62.8807088	68	14.7282294	14.7282294	209.590612	8.25246	14	35	300
279.041692	62.8807088	69	14.7282294	14.7282294	209.590612	8.25246	14	35	300
276.024135	63.1015039	70	15.7755877	15.7755877	206.399435	7.31745	14	35	300
265.350396	62.3718862	71	17.8365353	17.8365353	198.656875	6.36887	13	35	300
260.296093	61.3777215	72	17.6763817	17.6763817	192.740271	6.46719	13	35	300
260.296093	61.3777215	73	17.6763817	17.6763817	192.740271	6.46719	13	35	300
260.296093	61.3777215	74	17.6763817	17.6763817	192.740271	6.46719	13	35	300
242.380881	66.9951946	75	18.2644318	18.2644318	182.232163	5.70517	14	35	300
223.62533	69.3782729	76	19.0604597	19.0604597	164.52059	5.69742	13	35	300
223.62533	69.3782729	77	19.0604597	19.0604597	164.52059	5.69742	13	35	300
223.62533	69.3782729	78	19.0604597	19.0604597	164.52059	5.69742	13	35	300
223.62533	69.3782729	79	19.0604597	19.0604597	164.52059	5.69742	13	35	300
298.333313	67.6734381	80	11.9152197	11.9152197	233.371029	6.64283	26	35	300
317.350198	58.3356645	81	8.03915187	8.03915187	254.503668	14.5243	24	35	300
317.350198	58.3356645	82	8.03915187	8.03915187	254.503668	14.5243	24	35	300
317.350198	58.3356645	83	8.03915187	8.03915187	254.503668	14.5243	24	35	300
317.350198	58.3356645	84	8.03915187	8.03915187	254.503668	14.5243	24	35	300
317.350198	58.3356645	85	8.03915187	8.03915187	254.503668	14.5243	24	35	300
317.350198	58.3356645	86	8.03915187	8.03915187	254.503668	14.5243	24	35	300
317.350198	58.3356645	87	8.03915187	8.03915187	254.503668	14.5243	24	35	300
317.350198	58.3356645	88	8.03915187	8.03915187	254.503668	14.5243	24	35	300
320.142358	57.5124308	89	7.18220519	7.18220519	259.503931	17.949	24	35	300
323.904775	56.378413	90	5.42692542	5.42692542	265.468861	27.1986	27	35	300
324.659638	56.2080675	91	5.30413025	5.30413025	267.176327	29.5484	26	35	300
324.659638	56.2080675	92	5.30413025	5.30413025	267.176327	29.5484	26	35	300
324.659638	56.2080675	93	5.30413025	5.30413025	267.176327	29.5484	26	35	300
324.659638	56.2080675	94	5.30413025	5.30413025	267.176327	29.5484	26	35	300
324.659638	56.2080675	95	5.30413025	5.30413025	267.176327	29.5484	26	35	300
324.659638	56.2080675	96	5.30413025	5.30413025	267.176327	29.5484	26	35	300
324.659638	56.2080675	97	5.30413025	5.30413025	267.176327	29.5484	26	35	300
324.659638	56.2080675	98	5.30413025	5.30413025	267.176327	29.5484	26	35	300
324.783213	56.3497334	99	5.19490221	5.19490221	267.740681	29.5927	27	35	300
327.310448	56.5151376	100	5.71324267	5.71324267	-86.3657758	21.4263	31	35	300
334.008634	56.3442641	101	13.0479749	13.0479749	-67.9598881	12.0306	12	50	300
334.008634	56.3442641	102	13.0479749	13.0479749	-67.9598881	12.0306	12	50	300
334.008634	56.3442641	103	13.0479749	13.0479749	-67.9598881	12.0306	12	50	300
334.008634	56.3442641	104	13.0479749	13.0479749	-67.9598881	12.0306	12	50	300
333.141498	57.0718686	105	13.6047865	13.6047865	-70.0132416	11.1433	12	50	300
332.030809	57.9555592	106	15.0395826	15.0395826	-76.7880856	10.1792	11	50	300
332.030809	57.9555592	107	15.0395826	15.0395826	-76.7880856	10.1792	11	50	300
332.030809	57.9555592	108	15.0395826	15.0395826	-76.7880856	10.1792	11	50	300
332.030809	57.9555592	109	15.0395826	15.0395826	-76.7880856	10.1792	11	50	300
331.07631	55.228112	110	13.3248677	13.3248677	-77.0677022	11.5755	12	50	300
330.446018	53.1902678	111	14.01235	14.01235	-75.3052375	12.8455	10	50	300
330.446018	53.1902678	112	14.01235	14.01235	-75.3052375	12.8455	10	50	300
330.446018	53.1902678	113	14.01235	14.01235	-75.3052375	12.8455	10	50	300
330.446018	53.1902678	114	14.01235	14.01235	-75.3052375	12.8455	10	50	300
331.129554	54.6603836	115	16.1412728	16.1412728	-74.7341221	9.91695	10	50	300
332.691168	57.6474577	116	21.0792281	21.0792281	-73.6491053	6.92253	9	50	300
332.691168	57.6474577	117	21.0792281	21.0792281	-73.6491053	6.92253	9	50	300
332.691168	57.6474577	118	21.0792281	21.0792281	-73.6491053	6.92253	9	50	300
332.691168	57.6474577	119	21.0792281	21.0792281	-73.6491053	6.92253	9	50	300
352.014155	65.5052704	120	23.2587756	23.2587756	-46.9924437	4.81622	11	50	300
