> 1. time window length: 2 m.y.; step: 1.0 m.y.
314.864342	86.5121499	0	4.82389939	4.82389939	261.299162	90.5528	11	0	35
314.864342	86.5121499	1	4.82389939	4.82389939	261.299162	90.5528	11	0	35
273.554773	86.4378481	2	4.16783216	4.16783216	228.456095	153.56	9	0	65
273.554773	86.4378481	3	4.16783216	4.16783216	228.456095	153.56	9	0	65
338.086131	87.6376622	4	8.37394943	8.37394943	-64.2089705	34.2406	10	0	65
329.865203	86.5318045	5	7.9671545	7.9671545	-72.9546236	33.8059	11	0	65
321.762457	85.49072	6	11.3548591	11.3548591	-77.8963862	24.7524	8	0	65
278.873927	83.3844092	7	5.54199678	5.54199678	236.296484	119.6	7	0	65
282.046953	83.3300288	8	4.55118574	4.55118574	237.094657	149.095	8	0	65
282.046953	83.3300288	9	4.55118574	4.55118574	237.094657	149.095	8	0	65
287.712968	82.4542934	10	4.22167264	4.22167264	241.63478	149.692	9	0	65
295.717157	80.7733524	11	4.60165	4.60165	243.28927	145.864	8	0	65
295.717157	80.7733524	12	4.60165	4.60165	243.28927	145.864	8	0	65
295.717157	80.7733524	13	4.60165	4.60165	243.28927	145.864	8	0	65
295.717157	80.7733524	14	4.60165	4.60165	243.28927	145.864	8	0	65
284.717944	81.585323	15	4.92437326	4.92437326	230.834073	127.492	8	0	65
282.73676	82.1522852	16	3.7889554	3.7889554	236.31913	146.18	11	0	65
279.833461	81.7898107	17	3.4799428	3.4799428	231.643057	156.537	12	0	65
279.833461	81.7898107	18	3.4799428	3.4799428	231.643057	156.537	12	0	65
279.833461	81.7898107	19	3.4799428	3.4799428	231.643057	156.537	12	0	65
285.277516	81.5562698	20	3.57911105	3.57911105	236.717364	148.035	12	0	65
291.032696	81.4885688	21	3.72257854	3.72257854	244.244725	151.405	11	0	65
287.571884	81.3199637	22	3.51712683	3.51712683	238.879626	153.265	12	0	65
293.44375	78.784861	23	3.63871327	3.63871327	241.496243	103.739	16	0	65
297.172505	76.2178797	24	4.35231483	4.35231483	240.981772	111.019	11	0	65
298.655767	74.2879894	25	3.93043835	3.93043835	240.075023	89.0497	16	0	65
302.116384	73.3267992	26	4.80027409	4.80027409	246.452014	75.5497	13	0	65
302.116384	73.3267992	27	4.80027409	4.80027409	246.452014	75.5497	13	0	65
302.116384	73.3267992	28	4.80027409	4.80027409	246.452014	75.5497	13	0	65
302.778473	74.033594	29	5.27117589	5.27117589	248.058586	68.7694	12	0	65
303.96775	72.8015463	30	5.66372701	5.66372701	246.037178	65.9533	11	0	65
303.96775	72.8015463	31	5.66372701	5.66372701	246.037178	65.9533	11	0	65
303.96775	72.8015463	32	5.66372701	5.66372701	246.037178	65.9533	11	0	65
299.704886	72.8197345	33	5.26487014	5.26487014	239.895277	68.9319	12	0	65
301.06166	70.904395	34	4.42022221	4.42022221	239.756388	75.8033	15	0	65
303.722612	67.7703284	35	6.60180691	6.60180691	243.309279	24.1608	21	0	100
305.315639	65.1545152	36	7.74704253	7.74704253	243.809325	22.1741	17	2	100
307.639027	64.2428833	37	8.19676216	8.19676216	247.48921	21.2238	16	2	100
307.639027	64.2428833	38	8.19676216	8.19676216	247.48921	21.2238	16	2	100
307.639027	64.2428833	39	8.19676216	8.19676216	247.48921	21.2238	16	2	100
309.596592	64.4381159	40	8.1997064	8.1997064	250.079982	21.2093	16	2	100
309.596592	64.4381159	41	8.1997064	8.1997064	250.079982	21.2093	16	2	100
309.596592	64.4381159	42	8.1997064	8.1997064	250.079982	21.2093	16	2	100
309.596592	64.4381159	43	8.1997064	8.1997064	250.079982	21.2093	16	2	100
309.596592	64.4381159	44	8.1997064	8.1997064	250.079982	21.2093	16	2	100
309.596592	64.4381159	45	8.1997064	8.1997064	250.079982	21.2093	16	2	100
305.084245	63.9345535	46	8.05359864	8.05359864	241.976111	20.5909	17	2	100
305.084245	63.9345535	47	8.05359864	8.05359864	241.976111	20.5909	17	2	100
304.15051	64.8885421	48	6.6635425	6.6635425	239.376287	24.9668	20	2	100
307.621136	65.3818853	49	6.70826498	6.70826498	245.413411	26.0051	19	2	100
303.259383	64.8764551	50	5.67683783	5.67683783	237.117888	29.4075	23	2	300
303.863121	64.0845348	51	6.63661166	6.63661166	238.817431	25.1619	20	2	300
305.737861	65.3697207	52	5.73601996	5.73601996	241.094494	28.8239	23	2	300
305.737861	65.3697207	53	5.73601996	5.73601996	241.094494	28.8239	23	2	300
305.737861	65.3697207	54	5.73601996	5.73601996	241.094494	28.8239	23	2	300
305.74576	64.998037	55	6.06389634	6.06389634	241.27563	27.1124	22	2	300
300.130744	60.5621172	56	9.66032913	9.66032913	231.367043	10.7966	23	2	300
299.606448	60.2156475	57	10.3754504	10.3754504	231.374809	10.364	21	2	300
299.531839	60.3118582	58	9.77479688	9.77479688	233.607042	11.0364	22	2	300
299.531839	60.3118582	59	9.77479688	9.77479688	233.607042	11.0364	22	2	300
294.39127	63.4781441	60	9.67385208	9.67385208	229.869983	11.7748	21	2	300
293.390598	63.0343233	61	10.2665374	10.2665374	228.837152	11.0833	20	2	300
293.390598	63.0343233	62	10.2665374	10.2665374	228.837152	11.0833	20	2	300
287.497704	63.3322251	63	11.3046825	11.3046825	221.541906	9.31235	20	2	300
287.497704	63.3322251	64	11.3046825	11.3046825	221.541906	9.31235	20	2	300
293.780831	63.2357861	65	10.4310446	10.4310446	229.656771	9.39957	23	2	300
296.569385	62.5111853	66	12.7502125	12.7502125	231.542692	10.6876	14	35	300
296.569385	62.5111853	67	12.7502125	12.7502125	231.542692	10.6876	14	35	300
296.569385	62.5111853	68	12.7502125	12.7502125	231.542692	10.6876	14	35	300
296.569385	62.5111853	69	12.7502125	12.7502125	231.542692	10.6876	14	35	300
296.569385	62.5111853	70	12.7502125	12.7502125	231.542692	10.6876	14	35	300
287.454932	63.4538206	71	16.1135614	16.1135614	225.127456	7.58582	13	35	300
287.454932	63.4538206	72	16.1135614	16.1135614	225.127456	7.58582	13	35	300
287.454932	63.4538206	73	16.1135614	16.1135614	225.127456	7.58582	13	35	300
287.454932	63.4538206	74	16.1135614	16.1135614	225.127456	7.58582	13	35	300
279.023558	66.4150723	75	16.8441233	16.8441233	219.831983	6.53755	14	35	300
287.813071	66.7365264	76	16.9937795	16.9937795	228.283205	6.91792	13	35	300
287.813071	66.7365264	77	16.9937795	16.9937795	228.283205	6.91792	13	35	300
287.813071	66.7365264	78	16.9937795	16.9937795	228.283205	6.91792	13	35	300
287.813071	66.7365264	79	16.9937795	16.9937795	228.283205	6.91792	13	35	300
313.606275	60.8199253	80	8.58139859	8.58139859	251.152594	11.8956	26	35	300
317.821355	58.1208929	81	7.65895655	7.65895655	255.280656	15.9023	24	35	300
317.821355	58.1208929	82	7.65895655	7.65895655	255.280656	15.9023	24	35	300
317.821355	58.1208929	83	7.65895655	7.65895655	255.280656	15.9023	24	35	300
317.821355	58.1208929	84	7.65895655	7.65895655	255.280656	15.9023	24	35	300
317.821355	58.1208929	85	7.65895655	7.65895655	255.280656	15.9023	24	35	300
317.821355	58.1208929	86	7.65895655	7.65895655	255.280656	15.9023	24	35	300
317.821355	58.1208929	87	7.65895655	7.65895655	255.280656	15.9023	24	35	300
317.821355	58.1208929	88	7.65895655	7.65895655	255.280656	15.9023	24	35	300
317.821355	58.1208929	89	7.65895655	7.65895655	255.280656	15.9023	24	35	300
323.057267	56.8161686	90	5.58709504	5.58709504	263.750791	25.717	27	35	300
323.157304	56.6487061	91	5.8552242	5.8552242	264.044885	24.4241	26	35	300
323.157304	56.6487061	92	5.8552242	5.8552242	264.044885	24.4241	26	35	300
323.157304	56.6487061	93	5.8552242	5.8552242	264.044885	24.4241	26	35	300
323.157304	56.6487061	94	5.8552242	5.8552242	264.044885	24.4241	26	35	300
323.157304	56.6487061	95	5.8552242	5.8552242	264.044885	24.4241	26	35	300
323.157304	56.6487061	96	5.8552242	5.8552242	264.044885	24.4241	26	35	300
323.157304	56.6487061	97	5.8552242	5.8552242	264.044885	24.4241	26	35	300
323.157304	56.6487061	98	5.8552242	5.8552242	264.044885	24.4241	26	35	300
323.730641	57.2282346	99	5.70802082	5.70802082	265.644172	24.6801	27	35	300
324.685908	56.7537059	100	6.69073726	6.69073726	268.275623	15.8897	31	35	300
335.182356	56.811121	101	14.776356	14.776356	-66.2038311	9.59327	12	50	300
335.182356	56.811121	102	14.776356	14.776356	-66.2038311	9.59327	12	50	300
335.182356	56.811121	103	14.776356	14.776356	-66.2038311	9.59327	12	50	300
335.182356	56.811121	104	14.776356	14.776356	-66.2038311	9.59327	12	50	300
335.182356	56.811121	105	14.776356	14.776356	-66.2038311	9.59327	12	50	300
334.20171	57.8516497	106	16.5212881	16.5212881	-72.9095523	8.6001	11	50	300
334.20171	57.8516497	107	16.5212881	16.5212881	-72.9095523	8.6001	11	50	300
334.20171	57.8516497	108	16.5212881	16.5212881	-72.9095523	8.6001	11	50	300
334.20171	57.8516497	109	16.5212881	16.5212881	-72.9095523	8.6001	11	50	300
333.269177	56.6016504	110	14.6090979	14.6090979	-73.5578666	9.79197	12	50	300
333.810831	56.0950081	111	18.5173421	18.5173421	-70.5188104	7.76573	10	50	300
333.810831	56.0950081	112	18.5173421	18.5173421	-70.5188104	7.76573	10	50	300
333.810831	56.0950081	113	18.5173421	18.5173421	-70.5188104	7.76573	10	50	300
333.810831	56.0950081	114	18.5173421	18.5173421	-70.5188104	7.76573	10	50	300
333.810831	56.0950081	115	18.5173421	18.5173421	-70.5188104	7.76573	10	50	300
335.203237	57.6532995	116	21.791716	21.791716	-69.3674411	6.53882	9	50	300
335.203237	57.6532995	117	21.791716	21.791716	-69.3674411	6.53882	9	50	300
335.203237	57.6532995	118	21.791716	21.791716	-69.3674411	6.53882	9	50	300
335.203237	57.6532995	119	21.791716	21.791716	-69.3674411	6.53882	9	50	300
337.65286	58.8897912	120	19.8254569	19.8254569	-61.5781737	6.26645	11	50	300
