> 1. time window length: 10 m.y.; step: 5.0 m.y.
307.06573505664	86.51233640156	0.0	16.894297	16.894297	253.31551329400	220.62	2	0.000000	4.000000
300.67550594126	85.33509059006	5.0	6.750739	6.750739	243.48915174000	334.54	3	0.000000	23.000000
291.16477845145	79.05823780075	10.0	16.962638	16.962638	227.85518239300	218.87	2	8.000000	23.000000
282.55196961825	81.99970919070	15.0	6.921834	6.921834	238.25336168600	177.17	4	8.000000	29.000000
291.52982866989	78.95606335296	20.0	8.368160	8.368160	239.54820896400	65.06	6	8.000000	56.000000
292.09030817238	79.71593975322	25.0	10.517220	10.517220	242.11564107300	53.88	5	8.000000	56.000000
310.00038995974	72.48007924143	30.0	44.191888	44.191888	266.52348966200	34.07	2	16.000000	56.000000
317.00000000000	63.00000000000	35.0	20.000000	20.000000	247.19311718200	16.00	1	23.000000	56.000000
317.00000000000	63.00000000000	40.0	20.000000	20.000000	247.19311718200	16.00	1	23.000000	56.000000
292.02964945215	60.36257444414	45.0	55.130031	55.130031	209.23952390700	22.68	2	23.000000	56.000000
295.51511174685	63.16858150835	50.0	10.280586	10.280586	218.50776467000	56.35	5	23.000000	70.000000
283.78545501807	56.95626919340	55.0	33.888973	33.888973	206.94251797800	4.86	6	23.000000	70.000000
281.34754721437	52.47314062241	60.0	42.659616	42.659616	201.39805739200	4.17	5	23.000000	70.000000
257.50013278531	46.81476744087	65.0	180.000000	180.000000	182.51606028700	2.78	3	50.000000	70.000000
267.22077266084	59.86561064677	70.0	40.170462	40.170462	202.17383429800	10.48	3	50.000000	89.000000
225.80000300000	43.90000150000	75.0	8.700000	4.900000	184.18619594300	145.50	1	71.000000	89.000000
312.67751140167	58.48784170394	80.0	11.940097	11.940097	243.15091258600	17.33	10	71.000000	120.000000
312.67751140167	58.48784170394	85.0	11.940097	11.940097	243.15091258600	17.33	10	71.000000	120.000000
318.22710595207	58.12443992360	90.0	9.430325	9.430325	255.81027773100	20.29	13	71.000000	120.000000
324.46786562560	56.06958389840	95.0	4.850633	4.850633	262.01256918600	81.04	12	80.000000	120.000000
324.46786562560	56.06958389840	100.0	4.850633	4.850633	262.01256918600	81.04	12	80.000000	120.000000
333.52593950313	55.64059080643	105.0	6.582929	6.582929	-70.60549342430	136.06	5	80.000000	120.000000
331.25802712051	57.21807484224	110.0	6.952043	6.952043	269.26661587900	175.64	4	80.000000	120.000000
331.74772447964	55.89604960840	115.0	24.133670	24.133670	268.45583714500	109.19	2	80.000000	120.000000
331.74772447964	55.89604960840	120.0	24.133670	24.133670	268.45583714500	109.19	2	80.000000	120.000000
