> 1. time window length: 10 m.y.; step: 5.0 m.y.
304.44177904389	85.66516834569	0.0	6.268131	6.268131	256.60615191500	35.60	16	0.000000	65.000000
304.09424461902	85.25268176198	5.0	5.041621	5.041621	254.79737465700	42.88	20	0.000000	65.000000
302.63646082456	83.82107784293	10.0	8.809820	8.809820	257.79312624800	27.82	11	0.000000	65.000000
278.17260882338	82.11678890699	15.0	3.558333	3.558333	229.32805365000	136.70	13	0.000000	65.000000
287.86924348874	79.22939767881	20.0	3.544611	3.544611	233.69041151500	90.62	19	0.000000	65.000000
293.42543158215	76.91026511912	25.0	3.900829	3.900829	238.68204538700	67.38	21	0.000000	65.000000
297.79367171983	71.86061607177	30.0	4.244976	4.244976	238.27561941600	71.58	17	0.000000	65.000000
292.98877519892	70.29016631004	35.0	7.672698	7.672698	230.13613710900	21.27	18	0.000000	100.000000
295.40927352048	68.15168440984	40.0	8.785721	8.785721	230.40820796800	19.91	15	2.000000	100.000000
295.63219958971	67.38861833184	45.0	7.971935	7.971935	228.28037600400	20.99	17	2.000000	100.000000
295.83395369413	66.30572368777	50.0	6.479564	6.479564	225.91760411500	22.80	23	2.000000	300.000000
293.76305480073	63.26102954383	55.0	9.831910	9.831910	225.27395487400	10.46	23	2.000000	300.000000
286.52857357207	62.01160917336	60.0	11.413761	11.413761	218.55283134600	8.73	21	2.000000	300.000000
282.46270687862	66.16539658275	65.0	15.498326	15.498326	221.09804926000	5.67	19	2.000000	300.000000
267.88971062179	65.75189580249	70.0	27.973960	27.973960	205.54059274900	3.94	10	35.000000	300.000000
242.68587106599	67.46234805182	75.0	33.439251	33.439251	187.64033512400	3.33	9	35.000000	300.000000
313.17325842181	63.31271036320	80.0	13.737763	13.737763	251.52451044100	6.33	21	35.000000	300.000000
316.05099917476	60.81332521077	85.0	13.111047	13.111047	252.20528430300	7.17	20	35.000000	300.000000
319.06589045779	60.01291035032	90.0	10.818547	10.818547	258.26444746100	8.46	24	35.000000	300.000000
323.66508341752	59.36737356483	95.0	10.346322	10.346322	264.52924358200	9.54	23	35.000000	300.000000
324.94301228858	59.25104031504	100.0	10.507996	10.507996	267.93340565500	7.98	27	35.000000	300.000000
334.72279022249	62.28773435396	105.0	22.030593	22.030593	-70.35345559580	4.85	12	50.000000	300.000000
332.94232930178	62.26474965511	110.0	22.026007	22.026007	-76.64928472360	4.85	12	50.000000	300.000000
333.60100673669	63.21716999305	115.0	27.758201	27.758201	-74.39594636160	3.99	10	50.000000	300.000000
351.45182199116	67.67898511130	120.0	26.982007	26.982007	-49.05859428820	3.83	11	50.000000	300.000000
