> 1. time window length: 10 m.y.; step: 5.0 m.y.
318.50926931567	79.19626272477	0.0	7.469687	7.469687	263.02480647500	38.33	11	0.000000	5.000000
327.33884758389	80.35998410152	5.0	8.369194	8.369194	-80.11644224038	23.53	14	0.000000	10.000000
298.63907213817	74.16129059741	10.0	8.897113	8.897113	255.61241110900	74.92	5	2.000000	23.000000
299.58108340681	76.21925985776	15.0	6.664437	6.664437	248.53417345900	53.50	10	0.000000	35.000000
292.92513328812	78.02686497179	20.0	5.851631	5.851631	239.91934388400	61.85	11	0.000000	35.000000
299.02998036873	70.44200466376	25.0	8.382235	8.382235	238.39289858400	64.85	6	16.000000	35.000000
292.16406891687	68.39047636016	30.0	10.524891	10.524891	230.27174773200	53.81	5	2.000000	65.000000
298.37208129365	68.95265862138	35.0	10.402860	10.402860	236.48708559000	55.05	5	2.000000	65.000000
310.52225450379	64.43295632970	40.0	12.937882	12.937882	241.46720775600	91.85	3	23.000000	56.000000
302.89221305879	64.26838248106	45.0	6.340041	6.340041	230.27756449100	59.02	10	25.000000	65.000000
305.28075726650	65.99266803823	50.0	5.855052	5.855052	234.38121545900	61.78	11	34.000000	65.000000
315.36964070855	57.78948087541	55.0	17.516438	17.516438	240.07182893000	20.03	5	52.000000	59.000000
293.80421794195	44.09127760748	60.0	33.354723	33.354723	212.04196186700	4.98	6	50.000000	70.000000
274.24951517129	51.92877314639	65.0	33.400817	33.400817	203.81621499400	3.70	8	35.000000	100.000000
291.32348572878	54.30615987682	70.0	35.003826	35.003826	226.95665320900	4.61	6	35.000000	100.000000
247.94133547856	77.80062733907	75.0	180.000000	180.000000	200.50575220800	2.73	2	65.000000	90.000000
270.78749633034	66.30489293252	80.0	34.311286	34.311286	211.70554648300	5.92	5	60.000000	100.000000
324.00000000000	51.00000000000	85.0	6.400000	6.100000	250.64164480600	960.00	1	65.000000	100.000000
326.40558970988	52.28269585462	90.0	5.076464	5.076464	258.84007514200	81.86	11	80.000000	100.000000
330.42907928408	53.05604583847	95.0	34.549111	34.549111	-46.29198593420	54.37	2	90.000000	105.000000
333.28725796086	53.48665486726	100.0	6.151172	6.151172	-69.26148062690	155.70	5	80.000000	120.000000
328.06965063041	46.52783487305	110.0	4.164094	4.164094	269.63755523300	877.53	3	100.000000	120.000000
326.82411998031	45.06912435713	115.0	23.188888	1.941726	-72.75003972520	359.90	1	110.000000	115.000000
108.82946476184	76.46132416375	120.0	180.000000	180.000000	66.71088613800	1.74	2	99.000000	146.000000
