> 1. time window length: 10 m.y.; step: 5.0 m.y.
339.86141660432	86.38497113912	0.0	7.153617	7.153617	-67.23791057530	34.55	13	0.000000	10.000000
334.17307165233	86.26608917222	5.0	6.620434	6.620434	-74.05519001610	37.02	14	0.000000	23.000000
333.22894530674	83.66015158392	10.0	16.768147	16.768147	-68.37301147240	16.92	6	2.000000	23.000000
283.56246195778	80.84490175877	15.0	4.701679	4.701679	233.35302715600	204.04	6	8.000000	29.000000
284.98608271727	78.23006813316	20.0	4.315773	4.315773	228.83768934000	143.28	9	8.000000	35.000000
287.05108583944	78.50939312871	25.0	5.608586	5.608586	233.48997541100	116.80	7	8.000000	35.000000
290.52169185571	72.23092958563	30.0	6.302794	6.302794	232.99564008700	148.34	5	16.000000	39.000000
287.78773673420	70.43338356234	35.0	8.526807	8.526807	220.93681157200	210.08	3	23.000000	39.000000
285.05226984896	68.51323747210	40.0	18.332400	18.332400	212.97738141700	187.68	2	33.000000	40.000000
291.67693905641	65.30008512705	45.0	13.571123	13.571123	213.75550699400	46.80	4	45.000000	50.000000
299.81820570554	66.22616227800	50.0	6.514652	6.514652	225.95403237500	63.42	9	46.000000	70.000000
294.56278997153	58.10543217125	55.0	21.761895	21.761895	223.89982154200	6.55	9	50.000000	70.000000
276.71502139978	51.30999094996	60.0	31.222441	31.222441	206.96774324400	4.69	7	50.000000	75.000000
254.72758740893	51.81860795665	65.0	41.330211	41.330211	194.63247387900	4.38	5	50.000000	75.000000
251.93022343063	57.11108673285	70.0	31.129349	31.129349	192.72562105800	9.68	4	50.000000	89.000000
210.58677084116	48.09064786158	75.0	28.995037	28.995037	174.26045476600	19.13	3	63.000000	89.000000
311.87251531520	61.22456871244	80.0	14.806320	14.806320	248.56255637000	9.56	12	71.000000	100.000000
316.27092645355	56.97012738281	85.0	11.546758	11.546758	247.96604345000	16.60	11	71.000000	100.000000
320.29732992317	56.81407475113	90.0	8.499756	8.499756	258.23166329500	21.21	15	71.000000	110.000000
325.48921708019	54.93060995460	95.0	4.764351	4.764351	263.67884884700	70.57	14	80.000000	110.000000
325.96028942682	53.96763888739	100.0	4.315011	4.315011	264.26020102500	74.05	16	80.000000	120.000000
332.03701502747	52.20177358545	105.0	7.299694	7.299694	-71.30065833270	110.83	5	90.000000	120.000000
329.40039212016	52.08941569194	110.0	6.647348	6.647348	-89.44549546602	133.46	5	90.000000	120.000000
328.71220917725	47.80190914712	115.0	3.797849	3.797849	-88.66689693298	1054.72	3	100.000000	120.000000
328.71812033371	47.25244244411	120.0	10.071228	10.071228	267.37542348700	617.03	2	100.000000	120.000000
