> 1. time window length: 10 m.y.; step: 5.0 m.y.
307.06573505664	86.51233640156	0.0	16.894297	16.894297	253.31551329400	220.62	2	0.000000	4.000000
307.06573505664	86.51233640156	5.0	16.894297	16.894297	253.31551329400	220.62	2	0.000000	5.000000
280.18191772256	82.24392604359	15.0	11.292455	11.292455	229.97107417000	120.23	3	8.000000	23.000000
269.85054970092	82.72153200594	20.0	5.880936	5.880936	223.33557043200	245.06	4	8.000000	29.000000
272.16222537852	79.91239294725	25.0	13.131437	13.131437	223.84008026100	363.81	2	16.000000	29.000000
317.00000000000	63.00000000000	35.0	20.000000	20.000000	247.19311718200	16.00	1	23.000000	56.000000
317.00000000000	63.00000000000	40.0	20.000000	20.000000	247.19311718200	16.00	1	23.000000	56.000000
273.00000000000	54.00000000000	45.0	6.000000	6.000000	182.42751683800	nan	1	45.000000	48.000000
283.41948686516	64.92501720462	50.0	55.389572	55.389572	204.33083889700	22.49	2	46.000000	55.000000
309.19724456040	57.41110956162	55.0	81.346684	81.346684	229.41726467300	11.68	2	52.000000	59.000000
274.14022981363	47.64699282894	60.0	58.399981	58.399981	192.03724942100	3.45	4	50.000000	70.000000
219.30000300000	-4.19999981000	65.0	9.600000	4.900000	169.33058355400	22.40	1	56.000000	65.000000
225.80000300000	43.90000150000	80.0	8.700000	4.900000	184.18619594300	145.50	1	71.000000	89.000000
317.92730108605	55.96413426518	90.0	6.677866	6.677866	243.10841686500	82.67	7	80.000000	100.000000
341.00000000000	49.00000000000	95.0	10.000000	10.000000	-7.78380147500	142.00	1	90.000000	105.000000
333.52593950313	55.64059080643	100.0	6.582929	6.582929	-70.60549342430	136.06	5	80.000000	120.000000
