> 1. time window length: 10 m.y.; step: 5.0 m.y.
299.21951858455	89.37035690785	0.0	4.501631	4.501631	246.47150762400	222.49	6	0.000000	5.000000
40.09045431988	86.29231464636	5.0	10.921921	10.921921	-4.14026285710	26.68	8	0.000000	10.000000
244.50000000000	81.69999690000	10.0	10.700000	5.800000	213.74901965800	nan	1	2.000000	10.000000
254.61343328175	82.76929056009	15.0	7.304788	7.304788	208.32363868700	159.18	4	15.000000	23.000000
272.41493554904	81.34768725195	20.0	5.315061	5.315061	217.61063868000	129.95	7	15.000000	25.000000
282.72086015561	76.55981294588	25.0	5.765033	5.765033	214.62626712800	254.97	4	20.000000	65.000000
273.10221385870	69.74179983687	30.0	3.072792	3.072792	208.62747151200	895.07	4	2.000000	65.000000
286.38371817650	70.78552440667	35.0	7.624037	7.624037	222.32232948400	101.68	5	2.000000	65.000000
300.62018262963	68.45207248728	40.0	15.307598	15.307598	229.06253890500	65.91	3	23.000000	65.000000
294.50464258689	65.63088802864	45.0	7.311091	7.311091	218.79346956300	58.36	8	25.000000	65.000000
301.22704503745	67.78087769966	50.0	5.510422	5.510422	229.05983722300	63.01	12	25.000000	80.000000
311.76050497667	59.06829801515	55.0	13.728090	13.728090	235.41503772400	20.29	7	25.000000	80.000000
276.18668866119	41.98970917076	60.0	38.924910	38.924910	185.90950339700	3.36	7	25.000000	100.000000
233.95638990363	41.76902724840	65.0	28.632048	28.632048	162.03973323000	4.70	8	25.000000	245.000000
242.67696794110	56.59003242764	70.0	28.428386	28.428386	174.25194955100	6.50	6	35.000000	245.000000
214.78066735419	65.14327796582	75.0	29.324972	29.324972	160.47690144800	6.17	6	50.000000	245.000000
300.26193410171	72.21218803090	80.0	20.900415	20.900415	237.94463098200	5.28	12	50.000000	245.000000
327.00208023928	53.44661471609	85.0	9.808086	9.808086	268.91240591200	25.22	10	60.000000	245.000000
325.89284907100	54.71441072996	90.0	6.961246	6.961246	264.16130584600	33.57	14	60.000000	245.000000
327.77893128198	54.29735921400	95.0	6.587764	6.587764	-85.31194481754	37.37	14	60.000000	245.000000
329.73613915249	53.92640906903	100.0	6.634627	6.634627	-82.32683739640	31.88	16	60.000000	245.000000
334.31199565514	55.56675445572	105.0	30.205226	30.205226	-63.01333159980	10.22	4	65.000000	245.000000
331.60751572128	49.62008734204	110.0	17.374881	17.374881	-72.70445537120	15.82	6	65.000000	245.000000
349.30905159426	33.80545202953	115.0	180.000000	180.000000	11.13769465300	1.56	2	65.000000	245.000000
349.30905159426	33.80545202953	120.0	180.000000	180.000000	11.13769465300	1.56	2	65.000000	245.000000
