> 1. time window length: 10 m.y.; step: 5.0 m.y.
299.219519	89.3703569	0	4.50163085	4.50163085	246.471508	222.495	6	0	5
40.0904543	86.2923146	5	10.9219209	10.9219209	-4.14026286	26.6765	8	0	10
244.5	81.6999969	10	10.6999998	5.80000019	213.74902	nan	1	2	10
253.977633	84.1550378	15	7.69604377	7.69604377	208.227018	143.498	4	15	23
272.414936	81.3476873	20	5.31506142	5.31506142	217.610639	129.948	7	15	25
279.849871	74.2885781	25	7.81038382	7.81038382	209.888355	139.356	4	20	65
272.09585	70.291947	30	4.63919819	4.63919819	207.961566	393.218	4	2	65
289.179621	70.8239368	35	8.83168387	8.83168387	225.660637	76.0165	5	2	65
298.945266	68.4346469	40	15.5594536	15.5594536	226.7987	63.8297	3	23	65
297.548161	66.017173	45	6.84675147	6.84675147	223.159683	66.4104	8	25	65
298.78089	67.4815265	50	5.40454182	5.40454182	225.625427	65.4643	12	25	80
304.950727	61.0723214	55	13.7745691	13.7745691	227.078919	20.1563	7	25	80
266.886774	52.4244365	60	30.587366	30.587366	189.638751	4.84607	7	25	100
236.635246	58.8613529	65	38.4535338	38.4535338	172.538924	3.02986	8	25	245
238.364308	67.5175433	70	46.2419379	46.2419379	177.382408	3.0507	6	35	245
223.261372	75.4784053	75	42.837749	42.837749	172.453418	3.3971	6	50	245
323.289873	65.1018966	80	20.0839975	20.0839975	267.23959	5.63542	12	50	245
332.218402	58.7280672	85	19.8354419	19.8354419	-80.4865756	6.89127	10	60	245
329.802705	58.606437	90	13.3761983	13.3761983	-87.0762049	9.79928	14	60	245
331.673249	57.81395	95	13.4488705	13.4488705	-77.9236965	9.70411	14	60	245
331.379306	55.0682152	100	12.3223696	12.3223696	-78.9368273	9.93317	16	60	245
358.673062	58.028106	105	71.2378396	71.2378396	-27.8551813	2.64547	4	65	245
344.554801	54.5418	110	37.6313118	37.6313118	-51.5708101	4.12016	6	65	245
37.8364108	43.4466422	115	180	180	23.3108344	1.06742	2	65	245
37.8364108	43.4466422	120	180	180	23.3108344	1.06742	2	65	245
