> 1. time window length: 10 m.y.; step: 5.0 m.y.
300.07335478953	85.07945452110	0.0	7.135372	7.135372	252.83474440100	32.00	14	0.000000	65.000000
300.92224558254	84.75425946255	5.0	5.546756	5.546756	251.93087001200	39.81	18	0.000000	65.000000
302.63646082456	83.82107784293	10.0	8.809820	8.809820	257.79312624800	27.82	11	0.000000	65.000000
278.17260882338	82.11678890699	15.0	3.558333	3.558333	229.32805365000	136.70	13	0.000000	65.000000
287.86924348874	79.22939767881	20.0	3.544611	3.544611	233.69041151500	90.62	19	0.000000	65.000000
293.42543158215	76.91026511912	25.0	3.900829	3.900829	238.68204538700	67.38	21	0.000000	65.000000
297.79367171983	71.86061607177	30.0	4.244976	4.244976	238.27561941600	71.58	17	0.000000	65.000000
300.72766178046	68.46243179270	35.0	7.356431	7.356431	239.67313895100	19.65	21	0.000000	100.000000
303.12291893667	66.25346250847	40.0	8.106359	8.106359	240.71509363000	19.16	18	2.000000	100.000000
302.39106536399	65.80918354792	45.0	7.453737	7.453737	237.56479610200	20.15	20	2.000000	100.000000
299.67062576488	65.27052099408	50.0	6.025630	6.025630	231.09840652900	22.25	27	2.000000	300.000000
297.77295400636	62.69661037645	55.0	8.652867	8.652867	230.50837587100	11.29	27	2.000000	300.000000
291.34338729733	62.04176475336	60.0	9.528042	9.528042	223.89857339700	9.83	26	2.000000	300.000000
289.67104047521	65.34777001661	65.0	12.419514	12.419514	227.71898743400	6.66	24	2.000000	300.000000
285.53552892304	65.23706722247	70.0	18.318590	18.318590	222.35860422300	5.33	15	35.000000	300.000000
274.83668847535	68.34080119965	75.0	21.332908	21.332908	216.47855165200	4.44	14	35.000000	300.000000
310.88833051761	62.94890243268	80.0	11.559180	11.559180	248.40405463500	7.25	25	35.000000	300.000000
315.10751832020	60.53243437765	85.0	11.411822	11.411822	252.11029438700	8.01	23	35.000000	300.000000
317.91890566939	59.89350298792	90.0	9.680300	9.680300	257.48231164100	9.22	27	35.000000	300.000000
321.94091504767	59.36875532501	95.0	9.266525	9.266525	262.92091638600	10.34	26	35.000000	300.000000
323.28246890790	59.27997102985	100.0	9.528184	9.528184	266.12884834500	8.59	30	35.000000	300.000000
334.72279022249	62.28773435396	105.0	22.030593	22.030593	-70.35345559580	4.85	12	50.000000	300.000000
332.94232930178	62.26474965511	110.0	22.026007	22.026007	-76.64928472360	4.85	12	50.000000	300.000000
333.60100673669	63.21716999305	115.0	27.758201	27.758201	-74.39594636160	3.99	10	50.000000	300.000000
351.45182199116	67.67898511130	120.0	26.982007	26.982007	-49.05859428820	3.83	11	50.000000	300.000000
