> 1. time window length: 20 m.y.; step: 10.0 m.y.
42.22158880545	86.42151312244	0.0	10.745063	10.745063	-2.08807970550	27.53	8	0.000000	10.000000
336.17674110448	88.72404245769	10.0	7.596893	7.596893	-69.06953249050	33.61	12	0.000000	23.000000
271.97869100860	80.35416359575	20.0	4.840836	4.840836	215.79111575900	131.90	8	15.000000	65.000000
284.59943559930	73.38343314209	30.0	4.661375	4.661375	218.37703298400	122.96	9	2.000000	65.000000
296.29693458815	67.47151713466	40.0	5.362264	5.362264	226.79377869100	66.49	12	2.000000	65.000000
304.81454403951	63.40183759041	50.0	6.743386	6.743386	229.82645176400	33.12	15	25.000000	80.000000
279.16808294119	60.18219278620	60.0	21.123949	21.123949	206.87387907100	4.82	13	25.000000	245.000000
230.65507282544	55.50489501947	70.0	28.538921	28.538921	169.14058942400	4.21	9	25.000000	245.000000
307.62598166969	64.73789835274	80.0	17.805417	17.805417	247.01375416500	6.39	13	50.000000	245.000000
326.83875930684	55.19874055964	90.0	7.940294	7.940294	-88.55488819372	24.16	15	60.000000	245.000000
328.42524492430	53.45629016600	100.0	8.370164	8.370164	-85.44423308410	20.39	16	60.000000	245.000000
333.75969321242	49.76760212923	110.0	22.955971	22.955971	-67.57545393630	9.47	6	65.000000	245.000000
351.10592339053	34.61855856710	120.0	180.000000	180.000000	10.31106919400	1.49	2	65.000000	245.000000
