> 1. time window length: 20 m.y.; step: 10.0 m.y.
42.98961681360	87.68716385637	0.0	9.309439	9.309439	-2.09294774060	36.36	8	0.000000	10.000000
281.46472066581	88.50574222316	10.0	6.718002	6.718002	235.51496353800	42.71	12	0.000000	23.000000
271.89850591587	79.28631129531	20.0	4.038169	4.038169	215.14277711000	189.13	8	15.000000	65.000000
283.82752112607	73.61343154549	30.0	4.313363	4.313363	217.67879927600	143.44	9	2.000000	65.000000
296.36488975186	67.11788260239	40.0	5.375310	5.375310	226.56475411000	66.17	12	2.000000	65.000000
303.86187047333	63.53944449371	50.0	6.696973	6.696973	228.61044488000	33.57	15	25.000000	80.000000
283.58001196723	60.51178394479	60.0	18.786961	18.786961	212.33163496100	5.84	13	25.000000	245.000000
240.96690691709	57.33756313611	70.0	27.531508	27.531508	178.39051682800	4.45	9	25.000000	245.000000
307.44599773756	61.84490056202	80.0	15.599339	15.599339	244.98046545800	8.03	13	50.000000	245.000000
324.98948971012	54.90173659446	90.0	6.843941	6.843941	267.07305541700	32.19	15	60.000000	245.000000
326.30365273333	51.98343869413	100.0	7.509813	7.509813	269.11862276200	25.10	16	60.000000	245.000000
331.97112000923	47.06015293937	110.0	18.938768	18.938768	-69.23151553420	13.47	6	65.000000	245.000000
336.05457787150	26.45462104477	120.0	180.000000	180.000000	27.19950545000	3.74	2	65.000000	245.000000
