> 1. time window length: 20 m.y.; step: 10.0 m.y.
29.02074762857	87.29702612689	0.0	9.089942	9.089942	-15.87111478190	38.09	8	0.000000	10.000000
292.43858666155	88.23435433525	10.0	6.337747	6.337747	246.56420561100	47.87	12	0.000000	23.000000
269.71131870267	79.18688297675	20.0	5.436889	5.436889	212.79133024700	104.76	8	15.000000	65.000000
285.22276173557	72.57936014361	30.0	5.167076	5.167076	218.49586652300	100.24	9	2.000000	65.000000
297.59251640426	67.52604929575	40.0	5.281564	5.281564	228.51706929100	68.50	12	2.000000	65.000000
303.76277171401	64.14938402333	50.0	6.274113	6.274113	229.08869950500	38.11	15	25.000000	80.000000
265.93904695242	63.51537243814	60.0	26.003588	26.003588	196.01561304400	3.51	13	25.000000	245.000000
219.18550482928	53.99035151996	70.0	35.810852	35.810852	159.89072693400	3.02	9	25.000000	245.000000
315.80593070525	67.97246224511	80.0	21.403174	21.403174	260.07509901900	4.72	13	50.000000	245.000000
330.65779249657	57.92609216439	90.0	12.123335	12.123335	-80.80713227836	10.92	15	60.000000	245.000000
331.44644701435	55.68628308492	100.0	11.982270	11.982270	-79.08910068200	10.45	16	60.000000	245.000000
343.47221824956	56.48157568118	110.0	34.706640	34.706640	-55.52886015080	4.68	6	65.000000	245.000000
62.14415813192	40.03003120065	120.0	180.000000	180.000000	37.61429325500	1.14	2	65.000000	245.000000
