> 1. time window length: 20 m.y.; step: 10.0 m.y.
47.89315304286	84.80417916839	0.0	13.466328	13.466328	4.54126107870	17.87	8	0.000000	10.000000
340.72098521007	88.73947798619	10.0	8.507166	8.507166	-64.47839770420	27.00	12	0.000000	23.000000
272.61661624458	80.57076027498	20.0	5.314497	5.314497	216.57217134700	109.60	8	15.000000	65.000000
283.54395508197	73.38422277018	30.0	4.507759	4.507759	217.19791684000	131.41	9	2.000000	65.000000
294.64499395835	67.27082544557	40.0	5.404094	5.404094	224.50086484000	65.47	12	2.000000	65.000000
304.78245954573	63.02973344544	50.0	7.015137	7.015137	229.39815687000	30.68	15	25.000000	80.000000
278.74538531095	59.21630070858	60.0	21.078923	21.078923	205.39567820300	4.83	13	25.000000	245.000000
224.84441233949	48.59145791577	70.0	27.903356	27.903356	162.08327739200	4.36	9	25.000000	245.000000
304.51186354408	64.53314797364	80.0	17.899230	17.899230	242.36921970400	6.33	13	50.000000	245.000000
327.69469758546	54.56861390649	90.0	6.271778	6.271778	-86.44725120894	38.14	15	60.000000	245.000000
328.40038502460	53.31234516111	100.0	6.441513	6.441513	-85.47404348505	33.76	16	60.000000	245.000000
331.43474399725	51.70328545557	110.0	15.735573	15.735573	-74.68066467560	19.08	6	65.000000	245.000000
349.30905159426	33.80545202953	120.0	180.000000	180.000000	11.13769465300	1.56	2	65.000000	245.000000
