> 1. time window length: 20 m.y.; step: 10.0 m.y.
40.09045431988	86.29231464636	0.0	10.921921	10.921921	-4.14026285710	26.68	8	0.000000	10.000000
346.06107960845	88.63080370159	10.0	7.471205	7.471205	-59.05116196070	34.72	12	0.000000	23.000000
272.85866661223	79.43400513731	20.0	5.857055	5.857055	216.23315280600	90.40	8	15.000000	65.000000
285.45066144068	72.75180169836	30.0	5.061417	5.061417	218.87871270700	104.43	9	2.000000	65.000000
296.59394899462	67.94945542739	40.0	5.300415	5.300415	227.59502542700	68.02	12	2.000000	65.000000
303.47183369448	63.80742786569	50.0	6.599965	6.599965	228.33525362300	34.54	15	25.000000	80.000000
272.72911768053	64.50199789024	60.0	24.352560	24.352560	203.95095116400	3.86	13	25.000000	245.000000
227.47136391669	59.80028216897	70.0	33.877579	33.877579	168.58412056200	3.27	9	25.000000	245.000000
313.17462140993	67.02362063087	80.0	20.502388	20.502388	256.06836443800	5.06	13	50.000000	245.000000
330.81006922562	57.94688984979	90.0	12.449742	12.449742	-80.50230487044	10.40	15	60.000000	245.000000
331.37930553737	55.06821517671	100.0	12.322370	12.322370	-78.93682730330	9.93	16	60.000000	245.000000
344.55480050465	54.54180003670	110.0	37.631312	37.631312	-51.57081007000	4.12	6	65.000000	245.000000
37.83641075684	43.44664221406	120.0	180.000000	180.000000	23.31083443500	1.07	2	65.000000	245.000000
