> 1. time window length: 10 m.y.; step: 5.0 m.y.
310.26391035387	84.94188225947	0.0	6.616912	6.616912	262.63647028600	32.05	16	0.000000	65.000000
308.53636926141	84.68316709986	5.0	5.302167	5.302167	259.40156314800	38.87	20	0.000000	65.000000
302.63646082456	83.82107784293	10.0	8.809820	8.809820	257.79312624800	27.82	11	0.000000	65.000000
278.17260882338	82.11678890699	15.0	3.558333	3.558333	229.32805365000	136.70	13	0.000000	65.000000
287.86924348874	79.22939767881	20.0	3.544611	3.544611	233.69041151500	90.62	19	0.000000	65.000000
293.42543158215	76.91026511912	25.0	3.900829	3.900829	238.68204538700	67.38	21	0.000000	65.000000
297.79367171983	71.86061607177	30.0	4.244976	4.244976	238.27561941600	71.58	17	0.000000	65.000000
301.11011572595	68.01146890061	35.0	7.549142	7.549142	239.89249592700	18.71	21	0.000000	100.000000
303.48590227469	65.71457700031	40.0	8.316901	8.316901	240.84973024100	18.25	18	2.000000	100.000000
302.72393316283	65.32600721293	45.0	7.631769	7.631769	237.66054448100	19.27	20	2.000000	100.000000
299.94390786155	64.91810238491	50.0	6.140516	6.140516	231.16216603700	21.46	27	2.000000	300.000000
298.05449622586	62.32760808850	55.0	8.727907	8.727907	230.56239799500	11.12	27	2.000000	300.000000
291.70324915133	61.66731847571	60.0	9.607027	9.607027	224.00783564200	9.69	26	2.000000	300.000000
290.15393866007	64.93191578389	65.0	12.519635	12.519635	227.99494868100	6.56	24	2.000000	300.000000
286.41556145800	64.56716203508	70.0	18.527980	18.527980	222.87353405700	5.23	15	35.000000	300.000000
276.20952682845	67.68555635351	75.0	21.626808	21.626808	217.54646544100	4.35	14	35.000000	300.000000
313.17623836493	61.51030096001	80.0	11.249361	11.249361	250.82578172900	7.33	26	35.000000	300.000000
317.01365594797	59.03920121513	85.0	11.020205	11.020205	254.25822586300	8.19	24	35.000000	300.000000
319.30522151217	58.62948446603	90.0	9.392564	9.392564	259.15568126500	9.40	28	35.000000	300.000000
323.04042060239	58.05787487529	95.0	8.963214	8.963214	264.40343771600	10.59	27	35.000000	300.000000
324.17261380592	58.10805018283	100.0	9.240437	9.240437	267.36888257400	8.80	31	35.000000	300.000000
334.72279022249	62.28773435396	105.0	22.030593	22.030593	-70.35345559580	4.85	12	50.000000	300.000000
332.94232930178	62.26474965511	110.0	22.026007	22.026007	-76.64928472360	4.85	12	50.000000	300.000000
333.60100673669	63.21716999305	115.0	27.758201	27.758201	-74.39594636160	3.99	10	50.000000	300.000000
349.96101398849	67.55408894278	120.0	28.110594	28.110594	-50.76979251640	3.60	11	50.000000	300.000000
