> 1. time window length: 10 m.y.; step: 5.0 m.y.
335.20064375924	88.99996110767	0.0	4.196074	4.196074	-77.17542465500	255.94	6	0.000000	5.000000
29.02074762857	87.29702612689	5.0	9.089942	9.089942	-15.87111478190	38.09	8	0.000000	10.000000
244.50000000000	81.69999690000	10.0	10.700000	5.800000	213.74901965800	nan	1	2.000000	10.000000
251.53151948339	82.96521667667	15.0	7.032320	7.032320	205.26661981400	171.67	4	15.000000	23.000000
268.20939743890	80.94757961826	20.0	4.812371	4.812371	213.05228497300	158.31	7	15.000000	25.000000
278.46738852048	74.66970863266	25.0	7.824361	7.824361	208.68510267300	138.86	4	20.000000	65.000000
272.90046902324	69.75372813297	30.0	3.995594	3.995594	208.41811080200	529.76	4	2.000000	65.000000
290.54417823248	70.17617390737	35.0	8.862147	8.862147	226.81913902800	75.50	5	2.000000	65.000000
299.52502557311	68.04608693576	40.0	15.843817	15.843817	227.17443032100	61.60	3	23.000000	65.000000
298.27810999102	65.68678662369	45.0	6.897024	6.897024	223.77547662000	65.46	8	25.000000	65.000000
299.43551810820	67.64452283668	50.0	5.143943	5.143943	226.61516139800	72.17	12	25.000000	80.000000
304.11765740915	62.07219793929	55.0	13.184898	13.184898	226.96747877700	21.91	7	25.000000	80.000000
264.01272960226	48.71261614596	60.0	34.414445	34.414445	183.71141633500	4.03	7	25.000000	100.000000
228.01098912280	52.35871940994	65.0	41.746637	41.746637	162.72976105500	2.72	8	25.000000	245.000000
222.92701607611	64.73126071636	70.0	52.029146	52.029146	162.37608661100	2.61	6	35.000000	245.000000
190.14788330764	74.66273972126	75.0	45.758328	45.758328	141.41367720900	3.10	6	50.000000	245.000000
324.11274677905	66.41886867060	80.0	21.442290	21.442290	268.57843008900	5.06	12	50.000000	245.000000
332.97061269808	58.89164487913	85.0	20.764768	20.764768	-79.07459833650	6.37	10	60.000000	245.000000
329.51627612960	58.65771979688	90.0	13.061802	13.061802	-87.65731610216	10.23	14	60.000000	245.000000
331.77239826044	57.74998710451	95.0	13.233558	13.233558	-77.68926701440	9.99	14	60.000000	245.000000
331.44644701435	55.68628308492	100.0	11.982270	11.982270	-79.08910068200	10.45	16	60.000000	245.000000
359.11418319126	61.64232626008	105.0	65.104543	65.104543	-31.85774064400	2.97	4	65.000000	245.000000
343.47221824956	56.48157568118	110.0	34.706640	34.706640	-55.52886015080	4.68	6	65.000000	245.000000
62.14415813192	40.03003120065	115.0	180.000000	180.000000	37.61429325500	1.14	2	65.000000	245.000000
62.14415813192	40.03003120065	120.0	180.000000	180.000000	37.61429325500	1.14	2	65.000000	245.000000
