> 1. time window length: 30 m.y.; step: 15.0 m.y.
311.279584	84.8824493	0	5.01143961	5.01143961	262.042918	51.637	17	0	23
292.895415	82.7261568	15	3.21441865	3.21441865	241.090491	65.5614	31	0	35
285.845603	76.7678164	30	3.79570587	3.79570587	228.906757	79.1532	19	0	65
303.509238	65.7911143	45	4.5255827	4.5255827	234.455169	47.8983	22	2	65
294.132398	61.7598418	60	10.647433	10.647433	225.422321	8.70148	24	34	100
265.27834	61.3926063	75	23.6194164	23.6194164	202.676254	4.04766	13	35	100
318.896892	60.195711	90	8.11083542	8.11083542	257.271432	15.5862	22	60	120
329.892681	53.2544147	105	4.49976761	4.49976761	-82.004128	131.876	9	80	120
350.081005	62.0244101	120	24.6318729	24.6318729	-46.509299	6.01109	8	99	160
