> 1. time window length: 30 m.y.; step: 15.0 m.y.
316.0562	85.5192887	0	5.67465277	5.67465277	267.149346	40.4867	17	0	23
295.107919	83.0847918	15	3.53827756	3.53827756	243.589921	54.281	31	0	35
286.442287	76.9296166	30	3.70123777	3.70123777	229.658287	83.1948	19	0	65
304.117012	65.0985376	45	4.84872018	4.84872018	234.721204	41.8529	22	2	65
292.841986	61.9608271	60	9.88562436	9.88562436	223.902719	9.93731	24	34	100
262.718969	62.5493821	75	20.8655642	20.8655642	200.960018	4.9144	13	35	100
319.334779	59.6735571	90	8.17687885	8.17687885	257.845507	15.3512	22	60	120
330.10246	53.1588947	105	4.53385141	4.53385141	-81.479902	129.915	9	80	120
343.866196	61.3566043	120	26.7610243	26.7610243	-53.904297	5.23847	8	99	160
