> 1. time window length: 30 m.y.; step: 15.0 m.y.
308.145797	84.6366016	0	4.15546782	4.15546782	258.413884	56.6284	22	0	65
297.1055	80.8243179	15	3.12886094	3.12886094	244.103528	54.5886	39	0	65
297.884004	73.0803167	30	4.30118115	4.30118115	239.965787	32.741	35	0	100
298.667359	64.932159	45	5.91943182	5.91943182	232.178678	16.8072	37	0	300
296.035948	63.3833516	60	6.96557951	6.96557951	230.011939	12.4121	37	2	300
304.952567	62.2574031	75	7.41016029	7.41016029	242.824805	10.544	39	2	300
318.897319	59.9220334	90	7.60215857	7.60215857	260.868415	11.1514	35	35	300
324.903884	56.3988528	105	6.44881306	6.44881306	268.7744	16.5027	32	35	300
340.708202	53.0548785	120	13.3032371	13.3032371	-54.5085464	8.66048	16	50	300
