> 1. time window length: 30 m.y.; step: 15.0 m.y.
317.054278	85.4268115	0	5.83259341	5.83259341	268.200544	38.3757	17	0	23
294.975844	83.3154812	15	3.58990766	3.58990766	243.524291	52.759	31	0	35
286.132012	77.1713654	30	3.76426889	3.76426889	229.440518	80.4645	19	0	65
303.904182	65.1262915	45	4.87419288	4.87419288	234.443636	41.4268	22	2	65
291.396202	61.8572473	60	10.1263855	10.1263855	221.917496	9.51647	24	34	100
257.634224	62.5842366	75	20.526126	20.526126	195.873469	5.04602	13	35	100
319.835697	59.6354466	90	8.25142085	8.25142085	258.744609	15.0927	22	60	120
330.028138	52.9922927	105	4.53255269	4.53255269	-81.5903198	129.989	9	80	120
347.346452	62.5359496	120	26.2748821	26.2748821	-50.2353268	5.39846	8	99	160
