> 1. time window length: 30 m.y.; step: 15.0 m.y.
314.168596	84.6903659	0	6.33421258	6.33421258	265.103878	32.6864	17	0	23
294.686732	82.4526119	15	3.78569005	3.78569005	242.923667	47.5423	31	0	35
285.062121	77.1247255	30	3.67022104	3.67022104	228.22765	84.5904	19	0	65
303.75767	64.4954101	45	5.16968542	5.16968542	233.681558	36.935	22	2	65
290.148208	61.8314761	60	10.3225687	10.3225687	220.290384	9.1951	24	34	100
238.995939	55.2923905	75	22.5568824	22.5568824	174.505264	4.34468	13	35	100
318.413063	60.619381	90	9.00229136	9.00229136	256.593695	12.8365	22	60	120
329.915259	52.6825426	105	4.54967309	4.54967309	-81.739629	129.019	9	80	120
346.667879	60.0765863	120	23.515369	23.515369	-49.4159868	6.50268	8	99	160
