> 1. time window length: 30 m.y.; step: 15.0 m.y.
307.146439	83.9435305	0	5.18253088	5.18253088	257.239643	36.757	22	0	65
294.754402	80.8708989	15	3.46477758	3.46477758	241.525411	44.699	39	0	65
292.121769	75.0823726	30	3.68482985	3.68482985	234.181363	44.2525	35	0	100
294.693988	64.6173008	45	6.57763965	6.57763965	226.593433	13.7995	37	0	300
289.670491	63.2201639	60	7.93123426	7.93123426	221.427941	9.79938	37	2	300
296.585234	63.2417739	75	8.95895084	8.95895084	231.458447	7.52548	39	2	300
318.544971	60.7063522	90	7.7920769	7.7920769	260.48145	10.6619	35	35	300
326.004313	55.8562934	105	5.63643683	5.63643683	-88.9256714	21.2981	32	35	300
346.689766	55.6765986	120	13.6489133	13.6489133	-47.8116076	8.27598	16	50	300
