> 1. time window length: 30 m.y.; step: 15.0 m.y.
313.246889	85.8242932	0	5.0326329	5.0326329	264.20775	51.2112	17	0	23
295.178844	82.6354879	15	3.27221486	3.27221486	243.516754	63.3003	31	0	35
286.807254	76.4576456	30	3.49421376	3.49421376	229.815048	93.226	19	0	65
304.156231	64.6770485	45	4.84541073	4.84541073	234.411229	41.9087	22	2	65
295.274149	62.1480268	60	9.00766492	9.00766492	227.320332	11.7684	24	34	100
269.922532	63.0715873	75	20.2761334	20.2761334	209.01872	5.14722	13	35	100
318.8795	59.5061715	90	7.94322205	7.94322205	256.944264	16.2092	22	60	120
330.250802	53.5343946	105	4.54245402	4.54245402	-81.2808242	129.427	9	80	120
335.436356	56.4818535	120	24.9759853	24.9759853	-62.5241344	5.87271	8	99	160
