> 1. time window length: 30 m.y.; step: 15.0 m.y.
308.363555	84.7709562	0	4.70788718	4.70788718	258.66451	44.3349	22	0	65
295.870206	81.64287	15	3.28094567	3.28094567	243.042398	49.7346	39	0	65
294.921011	74.2079134	30	4.16901482	4.16901482	236.996708	34.7863	35	0	100
298.759519	65.0273189	45	5.91042713	5.91042713	232.382905	16.8555	37	0	300
293.779946	63.6559762	60	7.62703113	7.62703113	227.208465	10.5163	37	2	300
299.913046	63.5135674	75	8.57049862	8.57049862	236.347345	8.13155	39	2	300
318.981556	60.4763312	90	7.92255019	7.92255019	261.171959	10.3459	35	35	300
325.995343	56.9131403	105	7.01903036	7.01903036	-88.9872728	14.0838	32	35	300
345.20633	57.7381628	120	16.0438003	16.0438003	-52.0588593	6.25825	16	50	300
