> 1. time window length: 30 m.y.; step: 15.0 m.y.
310.641814	85.009066	0	4.90635546	4.90635546	261.108635	40.8982	22	0	65
294.155597	82.6154173	15	3.24274054	3.24274054	241.537077	50.89	39	0	65
291.420959	75.5461827	30	3.47004713	3.47004713	233.627865	49.7743	35	0	100
299.953752	64.8624431	45	5.45935781	5.45935781	233.882077	19.586	37	0	300
292.344982	63.0790749	60	7.59194667	7.59194667	224.766376	10.6046	37	2	300
292.790858	64.0276067	75	9.38164571	9.38164571	227.033077	6.94963	39	2	300
319.144331	60.0748053	90	7.32990716	7.32990716	261.347027	11.9205	35	35	300
327.58258	56.174036	105	6.21307323	6.21307323	-85.6483149	17.7025	32	35	300
346.607357	60.7416433	120	16.5634727	16.5634727	-52.6700895	5.93176	16	50	300
