> 1. time window length: 30 m.y.; step: 15.0 m.y.
303.191738	83.9966365	0	4.14727001	4.14727001	253.017594	56.8486	22	0	65
295.778746	79.948363	15	3.19580664	3.19580664	242.29843	52.3665	39	0	65
297.104712	72.6230955	30	4.96326623	4.96326623	238.763618	24.8341	35	0	100
295.694144	64.7008193	45	6.83573076	6.83573076	227.987463	12.8503	37	0	300
294.333834	64.95326	60	8.77731299	8.77731299	229.090442	8.18235	37	2	300
302.56447	64.057496	75	8.91177423	8.91177423	240.551565	7.59488	39	2	300
318.886855	61.6775748	90	9.00631914	9.00631914	261.328207	8.22886	35	35	300
324.29416	58.5462134	105	8.2783932	8.2783932	267.703758	10.4016	32	35	300
348.246136	59.1010712	120	16.9183452	16.9183452	-48.9431061	5.72589	16	50	300
