> 1. time window length: 30 m.y.; step: 15.0 m.y.
302.276923	84.4342739	0	4.67209736	4.67209736	252.139185	45.0017	22	0	65
296.220811	80.5200452	15	3.40198217	3.40198217	243.011136	46.3276	39	0	65
296.82943	73.2389882	30	4.86072216	4.86072216	238.764984	25.851	35	0	100
295.731973	65.0837957	45	6.51522078	6.51522078	228.374391	14.0462	37	0	300
293.544598	64.9877655	60	8.47771568	8.47771568	228.079697	8.69989	37	2	300
301.860649	64.1003279	75	8.80583315	8.80583315	239.569823	7.75482	39	2	300
318.151152	61.8988051	90	9.39323619	9.39323619	260.160201	7.6445	35	35	300
324.091075	58.8120589	105	8.91344512	8.91344512	267.340992	9.10766	32	35	300
348.175427	60.1171388	120	18.6822915	18.6822915	-49.953045	4.87063	16	50	300
