> 1. time window length: 30 m.y.; step: 15.0 m.y.
313.807243	85.4457438	0	5.70718475	5.70718475	264.771028	40.0375	17	0	23
295.035409	83.1913775	15	3.57829691	3.57829691	243.547297	53.0955	31	0	35
287.008662	77.2880708	30	3.83583929	3.83583929	230.476757	77.5259	19	0	65
303.496268	65.6308632	45	4.78605045	4.78605045	234.301598	42.9303	22	2	65
293.911813	61.9646881	60	10.1448353	10.1448353	225.322042	9.48545	24	34	100
267.426646	62.2299973	75	21.5115759	21.5115759	205.630837	4.68089	13	35	100
319.173314	59.8691111	90	8.18514077	8.18514077	257.632756	15.3222	22	60	120
330.117648	53.154512	105	4.51565961	4.51565961	-81.4427782	130.956	9	80	120
351.47244	63.2025223	120	27.6911332	27.6911332	-45.6233507	4.95553	8	99	160
