> 1. time window length: 20 m.y.; step: 10.0 m.y.
72.77588030716	85.98551965980	0.0	8.147205	8.147205	266.87879300900	18.98	18	0.000000	65.000000
72.77588030716	85.98551965980	10.0	8.147205	8.147205	266.87879300900	18.98	18	0.000000	65.000000
153.81921276232	81.94179100551	20.0	6.748250	6.748250	-16.11995299780	42.34	12	2.000000	65.000000
154.19163005522	83.15543307138	30.0	5.748716	5.748716	-15.34344162130	45.21	15	2.000000	65.000000
166.13328872355	83.65159974897	40.0	3.487085	3.487085	-5.85574030470	112.87	16	2.000000	72.000000
176.14889497035	82.29143615600	50.0	3.563832	3.563832	4.03840847910	89.66	19	2.000000	150.000000
178.67278152519	84.12180743814	60.0	5.871358	5.871358	8.62960247420	35.64	18	2.000000	271.000000
209.87204249087	80.91306515023	70.0	5.621512	5.621512	37.25848617100	55.35	13	2.000000	271.000000
206.24051736115	80.12884625086	80.0	6.711481	6.711481	32.65451636300	47.25	11	40.000000	271.000000
190.48612160198	74.11468233427	90.0	13.044116	13.044116	-0.65413051300	27.33	6	50.000000	271.000000
185.11427718384	74.98938878595	100.0	10.163220	10.163220	-8.28118202400	36.23	7	50.000000	271.000000
191.30918834478	70.96702215529	110.0	4.066885	4.066885	-21.59969057040	96.50	14	50.000000	271.000000
194.37293289827	70.28323347393	120.0	3.789704	3.789704	-24.17051197460	102.78	15	50.000000	271.000000
