> 1. time window length: 20 m.y.; step: 10.0 m.y.
77.76404800021	86.63704951426	0.0	7.644742	7.644742	-88.38849462132	21.42	18	0.000000	65.000000
77.76404800021	86.63704951426	10.0	7.644742	7.644742	-88.38849462132	21.42	18	0.000000	65.000000
162.43202168421	82.48214404188	20.0	6.919351	6.919351	-7.37354704160	40.31	12	2.000000	65.000000
163.15693440322	83.72262353082	30.0	5.919046	5.919046	-6.15574465900	42.70	15	2.000000	65.000000
170.26256818349	83.62569439012	40.0	3.766337	3.766337	-1.80969501510	96.89	16	2.000000	72.000000
184.53683047970	82.06504121346	50.0	4.090209	4.090209	12.27341375200	68.30	19	2.000000	150.000000
181.20497052811	85.87355282168	60.0	8.239459	8.239459	13.15323237200	18.58	18	2.000000	271.000000
211.25655865367	84.10098979810	70.0	10.459205	10.459205	41.75651326100	16.68	13	2.000000	271.000000
203.58901675428	84.23057236051	80.0	12.685489	12.685489	33.94736447000	13.92	11	40.000000	271.000000
178.66056038114	84.79957237135	90.0	26.539714	26.539714	-0.26213828620	7.32	6	50.000000	271.000000
175.04200473506	83.53090594149	100.0	21.722199	21.722199	-8.96281307070	8.67	7	50.000000	271.000000
189.55099732264	74.56024746795	110.0	10.003769	10.003769	-20.06899895520	16.76	14	50.000000	271.000000
192.87517692325	73.80489735093	120.0	9.334124	9.334124	-22.45661503240	17.75	15	50.000000	271.000000
