> 1. time window length: 10 m.y.; step: 5.0 m.y.
74.7213385	87.1285262	0	8.15727772	8.15727772	267.962641	24.713	14	0	65
77.764048	86.6370495	5	7.64474205	7.64474205	-88.3884946	21.4208	18	0	65
98.8759716	87.3577755	10	21.1538321	21.1538321	-64.9830016	14.0343	5	2	65
240	82	15	58	49	78.2664622	55	1	2	65
157.523213	82.7114442	20	13.7094263	13.7094263	-11.455119	45.8823	4	2	65
162.432022	82.482144	25	6.91935147	6.91935147	-7.37354704	40.3146	12	2	65
158.104699	81.979682	30	6.87671732	6.87671732	-12.02414	40.804	12	2	65
176.938697	84.3993513	35	10.022669	10.022669	7.8310343	45.6405	6	2	65
181.080115	82.8860264	40	6.20885104	6.20885104	8.64606133	69.7204	9	2	72
170.335901	83.5825475	45	4.38572443	4.38572443	-2.36433619	90.3156	13	2	72
190.873383	82.0929583	50	4.78328982	4.78328982	17.9045578	60.4415	16	2	150
197.267676	80.9091393	55	5.46768289	5.46768289	28.1792208	63.9832	12	2	150
189.794717	84.2205005	60	8.40503974	8.40503974	23.0551594	30.4728	11	2	150
208.977604	83.7910616	65	12.6503323	12.6503323	38.5570431	13.9895	11	2	271
219.256921	85.7770899	70	13.6794747	13.6794747	50.3316043	13.431	10	40	271
250.792445	87.7850047	75	17.3089325	17.3089325	83.4152148	11.1953	8	40	271
201.809948	84.3630366	80	16.0130147	16.0130147	32.1730523	11.2945	9	50	271
30.4230785	86.0541355	85	44.1266352	44.1266352	223.942826	5.30643	4	50	271
30.4230785	86.0541355	90	44.1266352	44.1266352	223.942826	5.30643	4	50	271
178.66056	84.7995724	95	26.539714	26.539714	-0.262138286	7.32256	6	50	271
175.042005	83.5309059	100	21.7221988	21.7221988	-8.96281307	8.67345	7	50	271
165.524311	82.8767675	105	33.5260863	33.5260863	-26.4077294	6.16045	5	50	271
171.327356	83.5784221	110	33.2136511	33.2136511	-34.7593455	6.25887	5	50	271
191.609067	75.2201474	115	13.0343051	13.0343051	-21.798999	13.2333	11	50	271
191.150558	75.0429475	120	11.7962668	11.7962668	-22.1755456	14.5036	12	50	271
