> 1. time window length: 10 m.y.; step: 5.0 m.y.
267.35028949348	85.98579330784	0.0	3.885305	3.885305	97.93571434800	29.63	47	0.000000	65.000000
262.75017893739	86.61959868087	5.0	3.964956	3.964956	93.40422592900	26.79	50	0.000000	65.000000
264.31461445877	87.28380018528	10.0	11.306133	11.306133	101.66955899300	21.69	9	0.000000	65.000000
244.78498935335	78.06285668257	15.0	5.949149	5.949149	79.46913388800	87.65	8	0.000000	65.000000
221.55982597393	81.77095871850	20.0	6.390255	6.390255	52.92087198700	47.10	12	0.000000	65.000000
184.43345555129	82.20130795435	25.0	6.021841	6.021841	15.42195825500	38.49	16	2.000000	65.000000
182.60231405060	81.91254469677	30.0	5.950203	5.950203	10.98902768800	39.40	16	2.000000	65.000000
214.38283949129	81.82109137893	35.0	5.669392	5.669392	44.28740973900	54.44	13	2.000000	65.000000
203.18543484684	82.42865544764	40.0	4.302392	4.302392	31.75880157400	65.53	18	2.000000	72.000000
198.77041999394	81.82752879045	45.0	3.880349	3.880349	25.90791655500	68.08	21	2.000000	85.000000
205.30395578448	79.89562724351	50.0	3.662359	3.662359	33.90741964300	56.37	28	2.000000	650.000000
207.84795419605	80.06912594587	55.0	4.069233	4.069233	37.90426678400	44.21	29	2.000000	650.000000
212.03215505903	78.47561001980	60.0	4.286668	4.286668	40.76995460900	41.41	28	2.000000	650.000000
204.44190337999	76.87625050737	65.0	6.721298	6.721298	25.59461653400	15.27	32	2.000000	650.000000
211.13372241936	73.97495927331	70.0	7.717183	7.717183	28.53204925600	14.48	26	40.000000	650.000000
208.99006303503	73.05770965605	75.0	7.659047	7.659047	27.03892460400	14.68	26	40.000000	650.000000
210.85829931193	73.35183207258	80.0	8.236489	8.236489	29.08895050400	13.88	24	45.000000	650.000000
207.09558372970	72.36615130850	85.0	9.329065	9.329065	22.26039629800	12.59	21	45.000000	650.000000
204.44947008692	72.82465286605	90.0	15.572520	15.572520	14.25337600600	8.05	13	50.000000	650.000000
195.28378425316	73.54701144848	95.0	15.248603	15.248603	3.61864704590	8.36	13	50.000000	650.000000
189.05224824522	72.61134549502	100.0	13.384514	13.384514	-7.91000820830	9.13	15	50.000000	650.000000
182.76352235931	71.09120834225	105.0	16.371638	16.371638	-18.54135739180	7.99	12	50.000000	650.000000
183.82636333935	71.30671407863	110.0	16.346270	16.346270	-24.44950055790	8.02	12	50.000000	650.000000
188.58495061397	70.49868763026	115.0	10.381487	10.381487	-23.34954514480	12.06	18	50.000000	650.000000
188.50632298042	70.65094436279	120.0	9.783230	9.783230	-23.42077179870	12.74	19	50.000000	650.000000
