> 1. time window length: 10 m.y.; step: 5.0 m.y.
101.66988925517	84.06371393646	0.0	5.792454	5.792454	-62.73761939360	44.55	15	0.000000	7.000000
98.46193184425	84.25810441963	5.0	6.126317	6.126317	-65.85199455260	30.99	19	0.000000	9.000000
83.86316886409	84.81994741936	10.0	28.557221	28.557221	-80.39943158599	11.32	4	4.000000	10.000000
65.73767718381	80.96440263350	15.0	13.869815	13.869815	254.06373927900	326.32	2	14.000000	17.000000
84.57361361480	84.67600791183	20.0	8.365012	8.365012	-84.68091668600	121.61	4	14.000000	26.000000
144.38269575282	81.78766828374	25.0	8.803394	8.803394	-25.85824557500	40.55	8	21.000000	30.000000
144.28560371535	78.42023088459	30.0	10.407978	10.407978	-27.71008586890	34.59	7	20.000000	47.000000
193.26746096964	76.84945312103	35.0	15.054209	15.054209	20.77599492900	38.22	4	15.000000	60.000000
194.12311388564	80.71773701216	40.0	7.439657	7.439657	28.75422147200	82.06	6	15.000000	65.000000
145.22100803911	81.55074903797	45.0	10.272605	10.272605	-19.09403190420	593.15	2	38.000000	50.000000
140.43896985463	81.43714926876	50.0	10.696620	10.696620	-26.63424771890	133.88	3	48.000000	56.000000
146.73637276015	79.07001758839	55.0	8.371325	8.371325	-23.20383883350	84.50	5	40.000000	72.000000
169.87614958593	74.96551689731	60.0	7.744218	7.744218	-13.93159779170	98.58	5	40.000000	72.000000
182.21383097376	73.98945966159	65.0	7.149897	7.149897	-2.86038509020	115.48	5	45.000000	85.000000
226.33756717156	79.92455759866	70.0	7.644394	7.644394	58.22692870200	101.15	5	50.000000	90.000000
219.61216676835	81.62137717954	75.0	7.548229	7.548229	53.20827534400	64.91	7	50.000000	100.000000
199.97359883584	72.98572305242	80.0	13.345177	13.345177	17.14576093500	48.37	4	65.000000	100.000000
198.00000000000	58.00000000000	85.0	8.700000	6.700000	-13.65020879890	142.00	1	65.000000	100.000000
198.50218710238	73.52562237502	100.0	14.446083	14.446083	0.64938910600	73.88	3	50.000000	150.000000
177.29923236711	68.57605736278	105.0	7.662018	7.662018	-20.56926779970	144.77	4	60.000000	150.000000
184.44043684519	68.14795973479	110.0	11.180999	11.180999	-20.34541398470	122.62	3	65.000000	146.000000
195.19999700000	74.50000000000	115.0	3.800000	3.800000	-17.64913686070	88.10	1	111.000000	115.000000
193.06378349751	71.83424791521	120.0	8.019032	8.019032	-21.39414253750	972.05	2	119.000000	126.000000
