> 1. time window length: 10 m.y.; step: 5.0 m.y.
74.75337939608	85.96582566467	0.0	4.043584	4.043584	265.08940515800	27.44	47	0.000000	65.000000
69.50218805777	85.98725798372	5.0	3.897842	3.897842	260.46520082300	28.25	49	0.000000	65.000000
333.44382965428	85.14704247904	10.0	6.091244	6.091244	174.63049780000	83.65	8	0.000000	65.000000
227.75454789348	84.60215313627	15.0	7.743820	7.743820	62.11441947500	52.12	8	0.000000	65.000000
189.79303929783	84.76049090389	20.0	6.248987	6.248987	21.43553819900	49.21	12	0.000000	65.000000
173.37829864660	82.65398484667	25.0	5.759014	5.759014	4.64329473840	42.00	16	2.000000	65.000000
171.89992580512	82.32351840249	30.0	5.676688	5.676688	0.64294426230	43.20	16	2.000000	65.000000
200.25989706066	83.62475295318	35.0	5.346176	5.346176	30.76649273200	61.10	13	2.000000	65.000000
191.01752214301	83.47736032661	40.0	3.995502	3.995502	20.06429366600	75.82	18	2.000000	72.000000
178.24725043479	82.94379609975	45.0	3.729944	3.729944	5.97733741900	73.60	21	2.000000	85.000000
184.02416761043	81.49631034449	50.0	3.777991	3.777991	13.00741178300	53.03	28	2.000000	650.000000
181.53457113469	81.69125321991	55.0	4.351726	4.351726	12.94113990100	40.21	28	2.000000	650.000000
184.63123558900	80.45169023815	60.0	4.614793	4.614793	14.54871108000	37.24	27	2.000000	650.000000
175.45603896282	77.11032180886	65.0	7.024915	7.024915	-2.84846030820	14.51	31	2.000000	650.000000
186.92344399625	74.68664510984	70.0	8.068911	8.068911	4.96807346190	13.85	25	40.000000	650.000000
187.43198129594	73.96743215242	75.0	7.726175	7.726175	5.20532254680	14.45	26	40.000000	650.000000
188.88189581008	74.39764588608	80.0	8.298354	8.298354	6.66881340940	13.69	24	45.000000	650.000000
184.28440477449	72.91078089280	85.0	9.255084	9.255084	-0.64824632380	12.77	21	45.000000	650.000000
180.59808365147	72.07445876608	90.0	15.559145	15.559145	-10.00953313900	8.07	13	50.000000	650.000000
178.70491325510	72.00056804405	95.0	15.378564	15.378564	-13.66548171970	8.23	13	50.000000	650.000000
175.94225426951	70.97727795671	100.0	13.348674	13.348674	-21.01564289560	9.18	15	50.000000	650.000000
171.55595061406	69.42212235776	105.0	16.419335	16.419335	-29.08769930990	7.95	12	50.000000	650.000000
172.40756616624	69.69773633824	110.0	16.429464	16.429464	-34.66167757730	7.94	12	50.000000	650.000000
181.12797835576	69.74561852916	115.0	10.538731	10.538731	-29.87984081980	11.73	18	50.000000	650.000000
181.40929156315	69.94509363297	120.0	9.934555	9.934555	-29.65425952650	12.39	19	50.000000	650.000000
