> 1. time window length: 10 m.y.; step: 5.0 m.y.
74.75337939608	85.96582566467	0.0	4.043584	4.043584	265.08940515800	27.44	47	0.000000	65.000000
79.65836914914	85.83400853916	5.0	4.056304	4.056304	-89.90533770766	25.64	50	0.000000	65.000000
28.78100994491	89.49368753051	10.0	10.746205	10.746205	225.95428947200	23.91	9	0.000000	65.000000
229.61186383775	83.70702405299	15.0	8.394254	8.394254	63.60080648700	44.50	8	0.000000	65.000000
194.52254597616	84.35217052996	20.0	6.631103	6.631103	25.92435398300	43.81	12	0.000000	65.000000
176.54309785461	82.45559959604	25.0	5.990917	5.990917	7.63853610520	38.88	16	2.000000	65.000000
174.96607692321	82.13556327826	30.0	5.912310	5.912310	3.51324755190	39.90	16	2.000000	65.000000
203.27498193889	83.18367272674	35.0	5.671981	5.671981	33.49240606200	54.39	13	2.000000	65.000000
193.57371637180	83.20459183226	40.0	4.221858	4.221858	22.41240422600	68.01	18	2.000000	72.000000
190.97663919688	82.42816531408	45.0	3.814046	3.814046	18.39671874200	70.44	21	2.000000	85.000000
191.90000349964	81.03861084509	50.0	3.787625	3.787625	20.67707136200	52.77	28	2.000000	650.000000
189.78685594412	81.16333593327	55.0	4.219719	4.219719	19.42986629500	41.19	29	2.000000	650.000000
189.08630305756	80.09191544354	60.0	4.496904	4.496904	17.20187540500	37.72	28	2.000000	650.000000
178.40663768216	77.23375492232	65.0	6.712975	6.712975	-0.89742320110	15.31	32	2.000000	650.000000
189.63909492122	74.79946094325	70.0	7.596681	7.596681	6.49425532760	14.91	26	40.000000	650.000000
189.90892898866	73.94125893278	75.0	7.586307	7.586307	7.64882804840	14.95	26	40.000000	650.000000
191.63695437011	74.34824661517	80.0	8.137343	8.137343	9.39417331890	14.20	24	45.000000	650.000000
187.20424951262	72.92301266829	85.0	9.081621	9.081621	2.17446530500	13.23	21	45.000000	650.000000
181.34123377990	72.34545931633	90.0	15.315288	15.315288	-8.99981882360	8.29	13	50.000000	650.000000
179.42168608763	72.27818116233	95.0	15.136346	15.136346	-12.71821469510	8.47	13	50.000000	650.000000
176.49652280648	71.22686709175	100.0	13.158909	13.158909	-20.30598728520	9.41	15	50.000000	650.000000
172.15657699272	69.75979244193	105.0	16.175287	16.175287	-28.32248523590	8.17	12	50.000000	650.000000
173.02687752405	70.03153462138	110.0	16.182079	16.182079	-33.91266123860	8.16	12	50.000000	650.000000
181.58921553066	69.93889486322	115.0	10.384496	10.384496	-29.35724520490	12.06	18	50.000000	650.000000
181.85018291627	70.12631612887	120.0	9.789256	9.789256	-29.15707589150	12.73	19	50.000000	650.000000
