> 1. time window length: 10 m.y.; step: 5.0 m.y.
68.67266330635	86.20857550704	0.0	8.352626	8.352626	262.26261039700	23.62	14	0.000000	65.000000
65.91885905970	86.03650101144	5.0	7.521497	7.521497	260.38343423100	22.10	18	0.000000	65.000000
67.04279040675	85.62866417865	10.0	21.351014	21.351014	264.34394231200	13.79	5	2.000000	65.000000
240.00000000000	82.00000000000	15.0	58.000000	49.000000	78.26646218400	55.00	1	2.000000	65.000000
143.81439544388	83.13063531584	20.0	12.287613	12.287613	-24.37999528070	56.88	4	2.000000	65.000000
151.45647618049	81.67155600791	25.0	6.888022	6.888022	-18.57056031370	40.67	12	2.000000	65.000000
149.22913113889	81.01463219237	30.0	6.966411	6.966411	-21.18347083320	39.78	12	2.000000	65.000000
171.78770659041	83.76482429564	35.0	9.672049	9.672049	2.09801839060	48.94	6	2.000000	65.000000
173.95907768613	82.72542674441	40.0	6.063262	6.063262	1.33622992080	73.06	9	2.000000	72.000000
165.27132294031	83.78413831617	45.0	4.195038	4.195038	-7.11520731110	98.62	13	2.000000	72.000000
184.17467192248	82.90141477550	50.0	4.294441	4.294441	11.94916333300	74.75	16	2.000000	150.000000
190.01461529105	81.15690964872	55.0	5.136414	5.136414	20.68819509700	72.37	12	2.000000	150.000000
161.41338879637	85.17491292004	60.0	8.676891	8.676891	-4.63453577230	28.65	11	2.000000	150.000000
203.34715963292	81.93075154581	65.0	10.086876	10.086876	30.60476249800	21.45	11	2.000000	271.000000
221.47311463835	83.95710062175	70.0	10.833303	10.833303	51.35715732000	20.84	10	40.000000	271.000000
241.42852281503	85.85171579291	75.0	13.320578	13.320578	73.03832775700	18.25	8	40.000000	271.000000
197.96934197743	80.67690814337	80.0	12.121123	12.121123	23.89880692000	19.00	9	50.000000	271.000000
30.72063908182	88.71068945799	85.0	38.604123	38.604123	221.73047202600	6.63	4	50.000000	271.000000
30.72063908182	88.71068945799	90.0	38.604123	38.604123	221.73047202600	6.63	4	50.000000	271.000000
187.45811842802	81.09612924147	95.0	21.854767	21.854767	4.41512015120	10.35	6	50.000000	271.000000
182.24289586174	78.79472211698	100.0	16.284553	16.284553	-6.95728687870	14.69	7	50.000000	271.000000
176.49994841320	78.25385362476	105.0	24.679829	24.679829	-20.30685532370	10.56	5	50.000000	271.000000
184.31219238048	79.32327662012	110.0	25.585428	25.585428	-27.12372514900	9.89	5	50.000000	271.000000
192.67959310752	72.87109363172	115.0	9.635076	9.635076	-22.97537047710	23.42	11	50.000000	271.000000
193.00603311535	72.10364062220	120.0	8.022307	8.022307	-23.14551450330	30.24	12	50.000000	271.000000
