> 1. time window length: 20 m.y.; step: 10.0 m.y.
75.87687850155	86.05244506248	0.0	7.754576	7.754576	269.81239779600	20.85	18	0.000000	65.000000
76.19040387680	86.16352978682	10.0	7.734594	7.734594	-89.89058001706	20.95	18	0.000000	65.000000
150.42095817386	82.06813742306	20.0	6.918014	6.918014	-19.29751512290	40.33	12	2.000000	65.000000
153.54791128022	82.44514448814	30.0	5.674569	5.674569	-16.47837061290	46.38	15	2.000000	65.000000
169.72978269919	84.08538470566	40.0	3.713046	3.713046	-1.86307298880	99.67	16	2.000000	72.000000
177.11985010216	82.97004442658	50.0	3.401575	3.401575	5.82200080340	98.32	19	2.000000	150.000000
172.27262275296	83.17483840515	60.0	5.685248	5.685248	1.14020295080	37.94	18	2.000000	271.000000
215.26094990244	81.70671823844	70.0	5.580686	5.580686	44.00864444200	56.15	13	2.000000	271.000000
204.08000225472	79.87765436965	80.0	7.309390	7.309390	30.00833486100	39.98	11	40.000000	271.000000
192.54878048706	77.83682480406	90.0	16.474216	16.474216	5.75549620030	17.49	6	50.000000	271.000000
184.89843913274	74.74562428901	100.0	10.948309	10.948309	-8.73834497660	31.35	7	50.000000	271.000000
189.49585471159	72.39128841998	110.0	5.476000	5.476000	-21.95097456470	53.66	14	50.000000	271.000000
194.13041525792	70.78644195061	120.0	4.142667	4.142667	-23.95349561040	86.17	15	50.000000	271.000000
