> 1. time window length: 20 m.y.; step: 10.0 m.y.
79.65765662410	86.34249145544	0.0	7.380950	7.380950	-86.91684704644	24.33	17	0.000000	9.000000
79.65765662410	86.34249145544	10.0	7.380950	7.380950	-86.91684704644	24.33	17	0.000000	10.000000
149.81171631513	82.47981395656	20.0	8.320155	8.320155	-19.80891839540	39.25	9	2.000000	56.000000
153.53013614694	82.01978293589	30.0	5.884352	5.884352	-16.49948272200	46.60	14	2.000000	65.000000
166.75828025525	84.56870884174	40.0	4.968823	4.968823	-6.06511522990	77.27	12	2.000000	65.000000
177.18296114067	83.42027199948	50.0	4.167753	4.167753	3.96493589530	99.91	13	35.000000	72.000000
175.66337165522	80.98317525498	60.0	5.847090	5.847090	4.82079466460	61.94	11	40.000000	77.000000
212.24068352848	82.07604697509	70.0	5.961953	5.961953	44.84337781400	87.28	8	50.000000	100.000000
207.76686641574	81.60310482015	80.0	6.816899	6.816899	40.66881867500	66.98	8	50.000000	100.000000
189.24387451200	71.92143159817	100.0	9.286878	9.286878	-7.15633361310	98.85	4	50.000000	150.000000
179.77821270921	74.62680171770	110.0	8.215943	8.215943	-31.17698618010	226.20	3	100.000000	123.000000
194.29977065059	70.91358558016	120.0	2.806081	2.806081	-22.69515444010	297.35	10	111.000000	132.000000
