> 1. time window length: 10 m.y.; step: 5.0 m.y.
67.48249046916	86.33325839653	0.0	8.846520	8.846520	261.12064598800	21.16	14	0.000000	65.000000
72.77588030716	85.98551965980	5.0	8.147205	8.147205	266.87879300900	18.98	18	0.000000	65.000000
86.36419287268	85.55903470379	10.0	22.491087	22.491087	-77.36759751080	12.52	5	2.000000	65.000000
240.00000000000	82.00000000000	15.0	58.000000	49.000000	78.26646218400	55.00	1	2.000000	65.000000
146.82188994948	83.13054482799	20.0	12.369525	12.369525	-21.49628039510	56.14	4	2.000000	65.000000
153.81921276232	81.94179100551	25.0	6.748250	6.748250	-16.11995299780	42.34	12	2.000000	65.000000
149.71103028804	81.24879741733	30.0	6.639190	6.639190	-20.57703190150	43.71	12	2.000000	65.000000
172.02496808988	84.51320757425	35.0	9.423777	9.423777	3.00181644250	51.50	6	2.000000	65.000000
178.19842824465	82.97257948867	40.0	5.756294	5.756294	5.82911047790	80.96	9	2.000000	72.000000
165.10105850046	83.60171146278	45.0	4.013756	4.013756	-7.48718050870	107.64	13	2.000000	72.000000
182.95452882203	82.55688524607	50.0	4.264238	4.264238	10.29288070300	75.80	16	2.000000	150.000000
186.02714690358	80.90163434599	55.0	4.822008	4.822008	16.17578058500	81.99	12	2.000000	150.000000
156.42870255165	85.08638658466	60.0	8.714147	8.714147	-9.63978724660	28.42	11	2.000000	150.000000
207.44843189559	79.34235896649	65.0	6.826554	6.826554	32.27068005600	45.70	11	2.000000	271.000000
219.57573045010	82.21566584930	70.0	6.732723	6.732723	47.84999024200	52.44	10	40.000000	271.000000
238.23333529976	83.62407852155	75.0	8.183746	8.183746	68.62927801400	46.77	8	40.000000	271.000000
204.00487415812	78.79941244480	80.0	8.120428	8.120428	28.19793626100	41.16	9	50.000000	271.000000
208.71703353174	85.64855395466	85.0	29.304315	29.304315	33.36908653700	10.80	4	50.000000	271.000000
208.71703353174	85.64855395466	90.0	29.304315	29.304315	33.36908653700	10.80	4	50.000000	271.000000
190.48612160198	74.11468233427	95.0	13.044116	13.044116	-0.65413051300	27.33	6	50.000000	271.000000
185.11427718384	74.98938878595	100.0	10.163220	10.163220	-8.28118202400	36.23	7	50.000000	271.000000
184.04461464233	73.24045833061	105.0	12.691625	12.691625	-18.09924718390	37.30	5	50.000000	271.000000
187.14877048798	73.87254797316	110.0	12.542416	12.542416	-29.87418675710	38.17	5	50.000000	271.000000
193.66243860976	70.49624272155	115.0	4.972203	4.972203	-24.21381745360	85.29	11	50.000000	271.000000
193.30382692177	70.65450933949	120.0	4.574949	4.574949	-24.12634050030	90.98	12	50.000000	271.000000
