> 1. time window length: 10 m.y.; step: 5.0 m.y.
263.65005745634	86.54285192847	0.0	4.141614	4.141614	93.36264557600	28.63	43	0.000000	7.000000
263.61689934946	87.25341712731	5.0	4.160134	4.160134	94.00602896800	25.97	47	0.000000	9.000000
12.45116133417	89.48889568510	10.0	23.076131	23.076131	206.42746326100	11.95	5	0.000000	20.000000
286.57582001864	85.78252136466	15.0	12.564317	12.564317	114.57120169700	397.20	2	14.000000	17.000000
228.80575652981	88.86127011134	20.0	7.734589	7.734589	59.45693799900	142.08	4	14.000000	26.000000
161.26731893611	83.24332383005	25.0	8.494598	8.494598	-8.16162310010	37.69	9	2.000000	56.000000
162.78367265293	82.17648729723	30.0	7.553900	7.553900	-7.30363352850	37.50	11	2.000000	65.000000
193.87138973211	81.10387782814	35.0	8.448523	8.448523	19.69695459900	43.94	8	2.000000	65.000000
206.80052980273	80.42273672309	40.0	6.158076	6.158076	30.37616566800	70.86	9	15.000000	65.000000
200.10137153061	85.90001363271	45.0	5.606644	5.606644	26.84010175600	98.57	8	35.000000	56.000000
199.61999856724	84.14445408709	50.0	4.828422	4.828422	29.89909039400	101.06	10	35.000000	56.000000
185.10073774163	79.72965427586	55.0	4.895596	4.895596	13.80212233400	98.33	10	40.000000	72.000000
183.98644534091	81.49072990187	60.0	8.265583	8.265583	9.86971212920	31.48	11	40.000000	72.000000
207.27971727204	72.94011996873	65.0	6.543097	6.543097	24.30685717200	72.63	8	45.000000	85.000000
225.82782605862	73.26793270607	70.0	9.529044	9.529044	51.90034854300	50.39	6	50.000000	90.000000
228.70187433062	74.36219371188	75.0	8.502953	8.502953	58.32964250100	37.62	9	50.000000	100.000000
215.89838203842	68.21008891088	80.0	7.840099	7.840099	32.39209383500	50.87	8	65.000000	100.000000
228.36972594057	58.20741691745	85.0	13.905583	6.415473	12.32123654200	142.00	1	65.000000	100.000000
194.57748136598	71.48924649648	100.0	10.272066	10.272066	-2.69941862670	80.97	4	50.000000	150.000000
198.87898717726	69.53694564007	105.0	9.058607	9.058607	-1.26107887570	103.84	4	60.000000	150.000000
202.84330922727	69.05917983109	110.0	9.141749	9.141749	-4.05721029780	182.91	3	65.000000	146.000000
181.88731156463	72.09125069068	115.0	19.767437	19.767437	-31.34743843040	161.72	2	111.000000	123.000000
194.08655706190	69.94502624686	120.0	3.569580	3.569580	-23.79036387170	209.00	9	112.000000	132.000000
