> 1. time window length: 10 m.y.; step: 5.0 m.y.
60.90121809240	86.43337938273	0.0	5.511044	5.511044	248.15435233900	22.95	31	0.000000	65.000000
60.90121809240	86.43337938273	5.0	5.511044	5.511044	248.15435233900	22.95	31	0.000000	65.000000
256.05038205193	81.12331322474	10.0	6.376029	6.376029	90.50281168300	374.89	3	0.000000	65.000000
256.05038205193	81.12331322474	15.0	6.376029	6.376029	90.50281168300	374.89	3	0.000000	65.000000
256.05038205193	81.12331322474	20.0	6.376029	6.376029	90.50281168300	374.89	3	0.000000	65.000000
225.01353312923	84.56147735794	25.0	10.844001	10.844001	59.90858555800	72.76	4	2.000000	65.000000
212.99554553616	85.83319640565	30.0	8.523166	8.523166	40.74484549800	81.55	5	2.000000	65.000000
235.64201325650	86.16071459006	35.0	6.343800	6.343800	66.13342409300	91.50	7	2.000000	65.000000
211.59769249339	86.17890837452	40.0	4.734955	4.734955	39.21815765100	105.05	10	2.000000	65.000000
206.05578172171	86.04385711213	45.0	4.099354	4.099354	31.56036538200	125.02	11	2.000000	65.000000
186.11939676939	83.10852134675	50.0	5.612047	5.612047	12.95954320600	51.13	14	2.000000	650.000000
167.76314088914	84.18949407606	55.0	7.494051	7.494051	0.01565531300	31.57	13	2.000000	650.000000
165.49763929682	84.58852291027	60.0	9.019768	9.019768	-2.13780979480	26.59	11	2.000000	650.000000
163.01755447745	77.62016671887	65.0	11.015079	11.015079	-11.19106907170	20.19	10	2.000000	650.000000
183.11924304534	68.04309566870	70.0	10.068839	10.068839	-1.85744380780	45.23	6	50.000000	650.000000
184.83803076758	64.22696741550	75.0	6.537029	6.537029	-3.32588543640	106.01	6	50.000000	650.000000
188.68762687816	65.25480720008	80.0	6.662819	6.662819	-0.09376208210	132.84	5	50.000000	650.000000
188.68762687816	65.25480720008	85.0	6.662819	6.662819	-0.09376208210	132.84	5	50.000000	650.000000
183.98508859110	60.72129284988	90.0	30.311265	30.311265	-15.71831503110	69.99	2	50.000000	650.000000
177.70861304439	62.89374209301	95.0	19.789562	19.789562	-20.81695086570	161.36	2	50.000000	650.000000
177.70861304439	62.89374209301	100.0	19.789562	19.789562	-20.81695086570	161.36	2	50.000000	650.000000
177.70861304439	62.89374209301	105.0	19.789562	19.789562	-20.81695086570	161.36	2	50.000000	650.000000
178.13439881921	68.21496072777	110.0	13.997959	13.997959	-39.27488339410	78.62	3	50.000000	650.000000
190.32553079895	68.49555863540	115.0	5.174849	5.174849	-27.39687073330	115.54	8	50.000000	650.000000
190.32553079895	68.49555863540	120.0	5.174849	5.174849	-27.39687073330	115.54	8	50.000000	650.000000
