> 1. time window length: 10 m.y.; step: 5.0 m.y.
87.95883325138	87.03125034035	0.0	7.484569	7.484569	-79.36120594130	29.17	14	0.000000	65.000000
81.09634910233	86.68598262769	5.0	7.084781	7.084781	-85.20587621660	24.78	18	0.000000	65.000000
66.90937933362	86.76422134784	10.0	20.881675	20.881675	264.13990630700	14.38	5	2.000000	65.000000
240.00000000000	82.00000000000	15.0	58.000000	49.000000	78.26646218400	55.00	1	2.000000	65.000000
149.65999059166	81.68574534912	20.0	13.494631	13.494631	-19.76750240130	47.32	4	2.000000	65.000000
155.12860838030	81.72776960758	25.0	6.841707	6.841707	-15.00762426830	41.21	12	2.000000	65.000000
151.16019752239	81.13400214445	30.0	6.737580	6.737580	-19.27006629980	42.47	12	2.000000	65.000000
169.43707993534	84.31595170133	35.0	10.323103	10.323103	0.24484759300	43.08	6	2.000000	65.000000
176.02790018423	82.97296840537	40.0	6.443363	6.443363	3.65269018460	64.81	9	2.000000	72.000000
165.07095169408	83.49310761326	45.0	4.543514	4.543514	-7.63869406260	84.22	13	2.000000	72.000000
183.39742533821	82.44092855440	50.0	4.680511	4.680511	10.60646670400	63.08	16	2.000000	150.000000
190.93692730349	81.43509913705	55.0	5.242219	5.242219	22.00920595400	69.52	12	2.000000	150.000000
190.90262420899	83.65117734566	60.0	7.569666	7.569666	23.57519782600	37.35	11	2.000000	150.000000
202.43291944383	84.21398115250	65.0	12.727168	12.727168	31.98814162500	13.83	11	2.000000	271.000000
212.52596895028	86.14594063212	70.0	13.256942	13.256942	43.50915487200	14.24	10	40.000000	271.000000
274.70866543964	88.79609429051	75.0	17.094171	17.094171	107.97890637100	11.45	8	40.000000	271.000000
194.93599286297	86.06106962699	80.0	16.041807	16.041807	26.77946791900	11.26	9	50.000000	271.000000
47.70147030762	81.52218104647	85.0	46.479966	46.479966	242.49506169000	4.88	4	50.000000	271.000000
47.70147030762	81.52218104647	90.0	46.479966	46.479966	242.49506169000	4.88	4	50.000000	271.000000
165.14571174957	83.02343361164	95.0	26.475373	26.475373	-15.34441650810	7.35	6	50.000000	271.000000
165.89995208583	81.75353575084	100.0	21.105264	21.105264	-19.49089071630	9.13	7	50.000000	271.000000
160.53113795423	81.67615979528	105.0	31.674292	31.674292	-32.03347009820	6.79	5	50.000000	271.000000
162.35264261765	84.61550349327	110.0	33.079951	33.079951	-42.11390216690	6.30	5	50.000000	271.000000
190.16861206783	75.37983944412	115.0	12.355754	12.355754	-22.91378814110	14.62	11	50.000000	271.000000
189.79425413380	75.14274450339	120.0	11.062963	11.062963	-23.27084232360	16.36	12	50.000000	271.000000
