> 1. time window length: 10 m.y.; step: 5.0 m.y.
99.07449496170	85.87411159825	0.0	4.297687	4.297687	-74.30883983110	50.58	23	0.000000	7.000000
87.72971343335	86.19391888856	5.0	4.069736	4.069736	-84.02442598702	51.57	25	0.000000	9.000000
11.84951425801	81.62219224398	10.0	5.098859	5.098859	215.19131203900	226.16	5	0.000000	17.000000
45.29999920000	81.09999850000	15.0	18.600000	13.500000	249.07521540300	51.90	1	14.000000	17.000000
133.68306044178	82.34425373158	20.0	10.330840	10.330840	-34.50465839830	55.81	5	14.000000	47.000000
144.76587286296	81.17977485932	25.0	6.892970	6.892970	-25.78042734900	44.84	11	20.000000	47.000000
144.62829071235	80.62772574073	30.0	6.658113	6.658113	-29.05192774290	47.99	11	20.000000	47.000000
155.72293769789	84.27592796117	35.0	7.946696	7.946696	-18.18024276540	58.66	7	20.000000	56.000000
158.55606679811	83.86269319819	40.0	5.001207	5.001207	-15.37623361720	84.31	11	20.000000	56.000000
148.95391944690	83.21413657981	45.0	4.537096	4.537096	-26.17674151460	92.49	12	20.000000	56.000000
162.58148528646	83.14620660516	50.0	4.745576	4.745576	-10.16099696710	84.62	12	20.000000	90.000000
188.48044231769	81.42166058290	55.0	4.976503	4.976503	15.08054478300	95.19	10	35.000000	90.000000
199.23958264226	79.88398371615	60.0	5.689397	5.689397	21.76297771100	95.75	8	35.000000	90.000000
202.53361489527	77.96504777232	65.0	5.874598	5.874598	25.04634387000	68.58	10	50.000000	90.000000
207.37344084005	78.02549722958	70.0	5.221385	5.221385	31.62055480100	77.43	11	50.000000	90.000000
211.37299571772	77.37410365287	75.0	6.336778	6.336778	39.64703812000	66.97	9	50.000000	90.000000
211.37299571772	77.37410365287	80.0	6.336778	6.336778	39.64703812000	66.97	9	50.000000	90.000000
199.75359694844	75.27215025513	85.0	7.409958	7.409958	24.93351148700	82.71	6	50.000000	90.000000
198.82808895977	69.20938477487	90.0	42.251504	42.251504	17.15882768300	37.07	2	50.000000	90.000000
192.50000000000	74.09999850000	95.0	5.700000	5.700000	3.67465972430	56.80	1	95.000000	102.000000
181.06012743304	75.68047376547	100.0	14.729097	14.729097	-17.20532353050	289.59	2	98.000000	103.000000
181.06012743304	75.68047376547	105.0	14.729097	14.729097	-17.20532353050	289.59	2	98.000000	105.000000
198.15370514780	74.21921985137	110.0	3.680848	3.680848	-23.45016639900	4605.74	2	110.000000	132.000000
191.81487015039	72.26879061414	115.0	1.908116	1.908116	-24.54778013120	1234.04	6	111.000000	132.000000
192.48928289515	71.90113853954	120.0	1.823468	1.823468	-24.29031885100	1351.18	6	112.000000	132.000000
