> 1. time window length: 10 m.y.; step: 5.0 m.y.
75.26195679229	86.30014624948	0.0	4.090386	4.090386	265.94123549400	27.42	46	0.000000	65.000000
80.61979682192	86.14151969587	5.0	4.103558	4.103558	-88.62411231160	25.59	49	0.000000	65.000000
28.78100994491	89.49368753051	10.0	10.746205	10.746205	225.95428947200	23.91	9	0.000000	65.000000
227.75454789348	84.60215313627	15.0	7.743820	7.743820	62.11441947500	52.12	8	0.000000	65.000000
189.79303929783	84.76049090389	20.0	6.248987	6.248987	21.43553819900	49.21	12	0.000000	65.000000
173.37829864660	82.65398484667	25.0	5.759014	5.759014	4.64329473840	42.00	16	2.000000	65.000000
171.89992580512	82.32351840249	30.0	5.676688	5.676688	0.64294426230	43.20	16	2.000000	65.000000
200.25989706066	83.62475295318	35.0	5.346176	5.346176	30.76649273200	61.10	13	2.000000	65.000000
191.01752214301	83.47736032661	40.0	3.995502	3.995502	20.06429366600	75.82	18	2.000000	72.000000
178.24725043479	82.94379609975	45.0	3.729944	3.729944	5.97733741900	73.60	21	2.000000	85.000000
184.02416761043	81.49631034449	50.0	3.777991	3.777991	13.00741178300	53.03	28	2.000000	650.000000
181.95664281387	81.56533931526	55.0	4.200309	4.200309	11.78009299200	41.56	29	2.000000	650.000000
184.87513266669	80.36371655818	60.0	4.443253	4.443253	13.15452738700	38.61	28	2.000000	650.000000
175.90552665832	77.15209616271	65.0	6.791147	6.791147	-3.40280651150	14.98	32	2.000000	650.000000
187.02408885633	74.82377409363	70.0	7.734922	7.734922	3.92407057090	14.41	26	40.000000	650.000000
187.27940021290	74.12814732053	75.0	8.058002	8.058002	4.97251053580	13.89	25	40.000000	650.000000
188.79710254357	74.59404626891	80.0	8.687514	8.687514	6.50029427960	13.12	23	45.000000	650.000000
183.90593414011	73.05187384620	85.0	9.764643	9.764643	-1.26197027440	12.15	20	45.000000	650.000000
180.59808365147	72.07445876608	90.0	15.559145	15.559145	-10.00953313900	8.07	13	50.000000	650.000000
178.70491325510	72.00056804405	95.0	15.378564	15.378564	-13.66548171970	8.23	13	50.000000	650.000000
175.94225426951	70.97727795671	100.0	13.348674	13.348674	-21.01564289560	9.18	15	50.000000	650.000000
171.55595061406	69.42212235776	105.0	16.419335	16.419335	-29.08769930990	7.95	12	50.000000	650.000000
172.40756616624	69.69773633824	110.0	16.429464	16.429464	-34.66167757730	7.94	12	50.000000	650.000000
181.12797835576	69.74561852916	115.0	10.538731	10.538731	-29.87984081980	11.73	18	50.000000	650.000000
181.40929156315	69.94509363297	120.0	9.934555	9.934555	-29.65425952650	12.39	19	50.000000	650.000000
