> 1. time window length: 30 m.y.; step: 15.0 m.y.
288.582906	72.1013228	0	5.03790942	5.03790942	-60.7968896	68.6795	13	0	18
277.834704	75.3706989	15	6.44494426	6.44494426	-69.4876422	33.7294	16	0	29
209.735773	65.2967427	30	10.7799942	10.7799942	234.147243	32.3089	7	15	55
230.75964	64.4880501	45	14.1205477	14.1205477	252.795587	14.2512	9	25	65
281.329871	42.2866682	60	8.28750384	8.28750384	-63.9184139	8.83698	38	40	83
283.375033	39.9416993	75	7.95966968	7.95966968	-61.7656793	9.73653	37	56	105
275.823237	34.2208967	90	37.7598468	37.7598468	-69.2093099	11.7201	3	65	120
290.80299	18.1743868	105	13.8499394	13.8499394	-58.5373275	10.7862	12	70	135
295.626276	14.1416497	120	11.6592547	11.6592547	-52.7155203	14.8237	12	85	135
