> 1. time window length: 30 m.y.; step: 15.0 m.y.
288.023776	73.3731167	0	5.24787175	5.24787175	-60.7567206	58.3386	14	0	25
265.142583	74.8123344	15	6.64702977	6.64702977	-80.151126	25.0861	20	0	55
241.984691	72.2781168	30	11.1905134	11.1905134	260.73699	14.6905	13	5	65
240.14417	63.0472996	45	14.1795297	14.1795297	260.7479	11.3312	11	25	65
278.055552	44.1422302	60	6.97818606	6.97818606	-67.3218844	10.0692	46	25	120
282.419587	40.0297674	75	6.65344513	6.65344513	-62.6581275	12.5335	40	40	135
287.781006	26.7003615	90	15.6497401	15.6497401	-54.6752101	19.279	6	65	135
292.403436	17.9321842	105	14.3599518	14.3599518	-56.7791085	9.30107	13	65	135
293.664736	14.9143683	120	14.4959688	14.4959688	-54.2892341	9.14541	13	70	135
