> 1. time window length: 30 m.y.; step: 15.0 m.y.
287.191958	72.3742482	0	5.13082493	5.13082493	-61.9757255	66.2493	13	0	18
280.084241	74.9209435	15	6.06095489	6.06095489	-67.5397215	38.0116	16	0	29
208.317731	64.9272124	30	10.256047	10.256047	233.009919	35.5948	7	15	55
234.544149	65.3590679	45	15.4936394	15.4936394	255.998889	11.9992	9	25	65
280.780185	41.8231075	60	7.21478975	7.21478975	-64.3505159	11.3447	38	40	83
282.299654	39.9702809	75	6.91031329	6.91031329	-62.7815296	12.5956	37	56	105
284.355463	31.9583056	90	33.6123569	33.6123569	-60.0747341	14.5111	3	65	120
292.641071	16.1787589	105	15.5862156	15.5862156	-55.7163148	8.7199	12	70	135
295.625936	13.4575307	120	14.2821887	14.2821887	-52.3195746	10.2007	12	85	135
