> 1. time window length: 30 m.y.; step: 15.0 m.y.
286.816576	73.6453409	0	5.26176516	5.26176516	-61.781042	58.036	14	0	25
258.788983	74.8636183	15	6.85591875	6.85591875	-85.7959635	23.6394	20	0	55
242.198489	72.309201	30	11.3991661	11.3991661	260.92342	14.1927	13	5	65
240.720849	63.0852444	45	14.2623671	14.2623671	261.23913	11.2111	11	25	65
275.407195	46.8727877	60	7.71415685	7.71415685	-70.0879879	8.41934	46	25	120
282.378207	40.7284259	75	7.32334056	7.32334056	-62.8332393	10.5178	40	40	135
287.244859	25.9478276	90	16.4195229	16.4195229	-54.8874779	17.6005	6	65	135
289.973792	21.1725108	105	17.9396637	17.9396637	-60.6370635	6.30694	13	65	135
291.323691	18.3194443	120	18.2254338	18.2254338	-58.3161816	6.1408	13	70	135
