> 1. time window length: 30 m.y.; step: 15.0 m.y.
287.996826	73.2206554	0	5.17557071	5.17557071	-60.8032973	59.9526	14	0	25
265.600303	75.2348161	15	6.48665335	6.48665335	-79.7217638	26.293	20	0	55
231.017944	71.477864	30	10.8672692	10.8672692	251.184334	15.5191	13	5	65
238.231691	63.2947708	45	13.8100918	13.8100918	259.114049	11.8933	11	25	65
276.546272	46.625263	60	7.79923432	7.79923432	-69.0099982	8.25812	46	25	120
282.680765	40.6668713	75	7.58836724	7.58836724	-62.5386178	9.8638	40	40	135
286.109091	26.0120562	90	17.3784746	17.3784746	-55.9402511	15.8135	6	65	135
290.74797	19.8781902	105	17.225311	17.225311	-59.3146945	6.75902	13	65	135
292.553312	17.1442686	120	16.9867755	16.9867755	-56.5254232	6.92283	13	70	135
