> 1. time window length: 30 m.y.; step: 15.0 m.y.
287.206792	72.2576002	0	5.05445824	5.05445824	-61.9785907	68.2369	13	0	18
276.698351	75.4681965	15	6.31597955	6.31597955	-70.4892393	35.0808	16	0	29
208.021596	65.3185878	30	10.22476	10.22476	232.71152	35.8072	7	15	55
233.670268	65.0243929	45	15.1250124	15.1250124	255.261706	12.544	9	25	65
280.029115	43.9547941	60	8.26602843	8.26602843	-65.3897815	8.87782	38	40	83
282.824067	40.6862547	75	7.93727544	7.93727544	-62.4310821	9.78597	37	56	105
281.786536	32.1051281	90	37.4662289	37.4662289	-62.6257891	11.8877	3	65	120
290.795066	18.9141292	105	18.6065167	18.6065167	-58.8794754	6.40659	12	70	135
294.772469	15.5963503	120	17.1676541	17.1676541	-54.3586936	7.35696	12	85	135
