> 1. time window length: 30 m.y.; step: 15.0 m.y.
287.377932	71.8865631	0	4.9580205	4.9580205	-61.8788475	70.8793	13	0	18
276.846571	74.9023521	15	6.31146275	6.31146275	-70.4179095	35.1297	16	0	29
205.537823	65.1638602	30	8.98693595	8.98693595	230.661606	46.0707	7	15	55
229.064549	64.524574	45	14.5430849	14.5430849	251.35093	13.4899	9	25	65
279.518593	43.4490524	60	7.99285996	7.99285996	-65.7889457	9.42637	38	40	83
281.873629	40.9828661	75	7.68796225	7.68796225	-63.3821663	10.3659	37	56	105
289.780946	28.0735559	90	32.8553844	32.8553844	-53.7388587	15.1378	3	65	120
292.229099	17.8832293	105	19.940238	19.940238	-56.9606794	5.703	12	70	135
294.536021	15.4821034	120	19.0034813	19.0034813	-54.5319481	6.18162	12	85	135
