> 1. time window length: 30 m.y.; step: 15.0 m.y.
288.053877	72.7488143	0	5.07025419	5.07025419	-60.8225623	62.4285	14	0	25
263.715802	74.7403242	15	6.64536524	6.64536524	-81.4221138	25.0982	20	0	55
239.474806	72.5517895	30	10.6011639	10.6011639	258.52051	16.2588	13	5	65
237.818745	61.8532514	45	13.8415157	13.8415157	258.785272	11.8438	11	25	65
276.453249	46.0053678	60	7.63733337	7.63733337	-69.0272187	8.56956	46	25	120
282.243983	41.1204829	75	7.37828235	7.37828235	-63.0331743	10.3764	40	40	135
291.473799	22.6933295	90	13.8556062	13.8556062	-49.9708563	24.3336	6	65	135
292.149717	18.5084569	105	18.6663446	18.6663446	-57.2991075	5.89928	13	65	135
293.497433	16.2172604	120	18.3392647	18.3392647	-55.1327817	6.07677	13	70	135
