> 1. time window length: 30 m.y.; step: 15.0 m.y.
287.641744	73.0100376	0	5.10318483	5.10318483	-61.1467154	61.6378	14	0	25
273.551582	75.4344945	15	5.77237939	5.77237939	-72.6216173	32.9458	20	0	55
222.592912	70.4168167	30	10.0743541	10.0743541	243.957373	17.8999	13	5	65
237.209196	63.8964044	45	13.7737064	13.7737064	258.23088	11.9512	11	25	65
278.004157	45.3246251	60	7.39646318	7.39646318	-67.5188131	9.0713	46	25	120
282.326765	40.5075922	75	7.34254809	7.34254809	-62.8388336	10.468	40	40	135
287.500231	26.5520776	90	16.6111327	16.6111327	-54.8737488	17.2186	6	65	135
291.315764	18.9796475	105	18.8877496	18.8877496	-58.3480616	5.78432	13	65	135
293.48364	16.508402	120	18.0898403	18.0898403	-55.2931645	6.21865	13	70	135
