> 1. time window length: 30 m.y.; step: 15.0 m.y.
289.45895	73.1717313	0	5.19758608	5.19758608	-59.5236944	59.454	14	0	25
258.419429	74.7017605	15	7.08530685	7.08530685	-86.1276464	22.1957	20	0	55
232.497027	71.4568811	30	10.9260824	10.9260824	252.477321	15.3628	13	5	65
237.235678	62.3354027	45	13.3127488	13.3127488	258.28272	12.7253	11	25	65
274.797398	46.9959358	60	8.04648071	8.04648071	-70.6654077	7.8183	46	25	120
282.855486	39.7183398	75	7.55937429	7.55937429	-62.1875294	9.93201	40	40	135
283.704619	25.4828944	90	18.5609119	18.5609119	-57.9925289	13.9798	6	65	135
290.741704	19.4813275	105	12.8223345	12.8223345	-59.150486	11.4197	13	65	135
292.011311	16.7408722	120	13.0462728	13.0462728	-56.8718284	11.064	13	70	135
