> 1. time window length: 30 m.y.; step: 15.0 m.y.
285.724469	72.3404345	0	5.03016341	5.03016341	-63.2649719	68.8883	13	0	18
276.27445	75.472055	15	6.26345693	6.26345693	-70.8666006	35.6553	16	0	29
208.351638	64.9764927	30	10.2451741	10.2451741	233.031846	35.6684	7	15	55
235.259772	65.4383283	45	15.628275	15.628275	256.609473	11.8097	9	25	65
279.981742	43.4297219	60	8.02682184	8.02682184	-65.3541527	9.35511	38	40	83
282.091734	40.6817843	75	7.64927582	7.64927582	-63.1185426	10.461	37	56	105
281.036622	32.3705193	90	37.7437599	37.7437599	-63.4448977	11.7292	3	65	120
289.971495	19.9639817	105	19.6192614	19.6192614	-60.1776426	5.8593	12	70	135
294.438535	16.1990162	120	18.4151581	18.4151581	-55.0092385	6.52026	12	85	135
