> 1. time window length: 30 m.y.; step: 15.0 m.y.
287.059239	72.2916258	0	5.06427502	5.06427502	-62.1031	67.9763	13	0	18
276.27445	75.472055	15	6.26345693	6.26345693	-70.8666006	35.6553	16	0	29
206.806618	65.5186724	30	9.84203819	9.84203819	231.66887	38.5708	7	15	55
234.068293	65.0649796	45	15.2796308	15.2796308	255.600836	12.3107	9	25	65
279.475659	43.9170051	60	7.96501859	7.96501859	-65.8993604	9.48547	38	40	83
282.508974	40.4467919	75	7.64995659	7.64995659	-62.6796584	10.4593	37	56	105
285.128163	30.7388726	90	35.8592163	35.8592163	-58.9635553	12.8791	3	65	120
291.363711	18.3836912	105	20.1803043	20.1803043	-58.0623431	5.59095	12	70	135
294.492669	15.8015449	120	18.7448239	18.7448239	-54.7459589	6.32658	12	85	135
