> 1. time window length: 30 m.y.; step: 15.0 m.y.
78.6385097	85.2849009	0	4.01521529	4.01521529	269.344704	25.6433	51	0	65
94.8198232	85.5279083	15	3.40122388	3.40122388	-74.4206546	27.3565	66	0	65
158.850816	83.7066423	30	3.66437483	3.66437483	-12.6080409	54.2951	29	0	72
167.695338	83.3896741	45	2.81711056	2.81711056	-2.93160769	65.3896	40	2	650
174.353005	80.7313949	60	3.15965499	3.15965499	-0.27089584	40.013	52	2	650
188.284081	75.8992306	75	4.0546053	4.0546053	8.54098639	33.7816	38	2	650
191.263122	72.8782305	90	4.63773609	4.63773609	3.64235435	35.5233	28	45	650
185.899486	70.7935929	105	5.26194802	5.26194802	-20.3179342	32.5934	24	50	650
190.275088	69.8554578	120	4.5871365	4.5871365	-23.9546457	46.6475	22	50	650
