> 1. time window length: 30 m.y.; step: 15.0 m.y.
78.6043443	85.1421406	0	3.85096692	3.85096692	269.314567	27.791	51	0	65
98.7452792	85.5281312	15	3.30241604	3.30241604	-70.754378	28.9577	66	0	65
164.609001	83.9177791	30	3.63431771	3.63431771	-6.782975	55.1806	29	0	72
171.735962	82.752378	45	3.02450922	3.02450922	0.359979275	56.8601	40	2	650
177.838186	79.8714524	60	3.75195317	3.75195317	2.20132315	28.665	52	2	650
183.651934	76.3023428	75	4.83234094	4.83234094	4.36954912	24.075	38	2	650
188.224504	73.377442	90	5.91959289	5.91959289	1.30224822	22.184	28	45	650
184.316343	70.8953353	105	6.58770541	6.58770541	-21.5260454	21.1498	24	50	650
186.911505	69.9529336	120	6.37450099	6.37450099	-26.5235987	24.6277	22	50	650
