> 1. time window length: 30 m.y.; step: 15.0 m.y.
78.8908537	85.1589848	0	4.15948891	4.15948891	268.965533	25.4451	48	0	20
90.7230344	85.3233943	15	3.60767198	3.60767198	-79.2519024	27.2784	59	0	56
155.864336	83.1737678	30	4.07097021	4.07097021	-15.5421657	53.7961	24	2	65
168.40642	83.1912169	45	3.10482122	3.10482122	-3.1503612	81.0768	27	2	72
166.463815	81.1467487	60	4.11767842	4.11767842	-6.89890838	44.799	28	35	90
193.705364	74.8829684	75	4.20234771	4.20234771	14.8824467	55.3937	22	45	100
193.52937	70.6492426	90	4.41732852	4.41732852	5.30254601	97.5155	12	50	150
184.8489	71.0855274	105	4.28198194	4.28198194	-14.1477527	145.532	9	50	150
191.280322	69.4823351	120	3.31261051	3.31261051	-25.7125149	124.968	16	65	160
