> 1. time window length: 30 m.y.; step: 15.0 m.y.
78.2540823	84.6606318	0	3.5255865	3.5255865	268.998363	32.9662	51	0	65
102.321972	85.3432274	15	3.1202466	3.1202466	-67.4701039	32.3184	66	0	65
171.850754	83.8274018	30	3.59129324	3.59129324	0.28433476	56.4869	29	0	72
175.249174	82.3087283	45	3.08776563	3.08776563	3.35950345	54.5943	40	2	650
180.526182	79.4006831	60	3.79423646	3.79423646	4.33407049	28.0517	52	2	650
180.52524	76.7126246	75	4.86094292	4.86094292	1.75266934	23.8041	38	2	650
186.496698	73.927916	90	5.89685537	5.89685537	0.297977654	22.3478	28	45	650
184.102761	71.0586804	105	6.20461648	6.20461648	-21.5475609	23.7173	24	50	650
184.970995	70.1315383	120	6.35602878	6.35602878	-27.8909319	24.7654	22	50	650
