> 1. time window length: 30 m.y.; step: 15.0 m.y.
80.4724367	85.5553506	0	3.71874946	3.71874946	-88.953939	29.7307	51	0	65
108.475577	85.7637549	15	3.21270948	3.21270948	-61.5484387	30.5413	66	0	65
166.422282	84.2188517	30	3.62512629	3.62512629	-4.70266661	55.4557	29	0	72
173.260563	81.7034493	45	3.07812212	3.07812212	0.693285507	54.9307	40	2	650
180.892622	79.0143521	60	4.23545163	4.23545163	4.24979269	22.7073	52	2	650
181.373848	76.4440907	75	5.60023301	5.60023301	2.28215171	18.1776	38	2	650
186.717119	73.3957222	90	7.08129967	7.08129967	-0.125540811	15.7984	28	45	650
182.783995	70.3217189	105	7.7406137	7.7406137	-23.3091494	15.5891	24	50	650
184.799314	69.6437224	120	8.22261046	8.22261046	-28.4445321	15.1918	22	50	650
