> 1. time window length: 30 m.y.; step: 15.0 m.y.
81.2062181	85.2606431	0	3.87155694	3.87155694	-88.8941513	29.2179	48	0	20
95.0184431	85.3151972	15	3.38180975	3.38180975	-75.253776	30.9069	59	0	56
159.25996	83.2255902	30	4.08981021	4.08981021	-12.211195	53.3106	24	2	65
166.363736	82.754748	45	3.38857509	3.38857509	-5.62785364	68.2245	27	2	72
174.047121	81.6454654	60	3.79026926	3.79026926	1.03961755	52.6957	28	35	90
194.072389	75.9909379	75	3.91253684	3.91253684	16.5175373	63.7535	22	45	100
194.737079	71.2813879	90	4.67942382	4.67942382	7.25689812	87.0027	12	50	150
184.973627	70.3367495	105	4.53300493	4.53300493	-14.9038028	129.963	9	50	150
189.408826	69.2143894	120	3.70380772	3.70380772	-27.4140806	100.158	16	65	160
