> 1. time window length: 30 m.y.; step: 15.0 m.y.
78.2771423	85.7678718	0	3.97884859	3.97884859	269.002984	26.096	51	0	65
104.487386	86.006716	15	3.39059468	3.39059468	-65.2109385	27.5221	66	0	65
170.910359	84.3913664	30	3.56936234	3.56936234	-0.0835075594	57.1711	29	0	72
175.177359	82.1824522	45	3.2341145	3.2341145	3.14412798	49.8526	40	2	650
180.199489	79.1832634	60	4.41029421	4.41029421	3.75524715	21.0196	52	2	650
180.009557	76.6070071	75	5.75771533	5.75771533	1.12868223	17.2501	38	2	650
186.183103	73.4322683	90	7.24636183	7.24636183	-0.592653885	15.1312	28	45	650
183.187659	70.8723039	105	8.06958216	8.06958216	-22.4741836	14.4223	24	50	650
183.824288	69.9084565	120	8.5338992	8.5338992	-28.9779618	14.1739	22	50	650
