> 1. time window length: 30 m.y.; step: 15.0 m.y.
78.772245	85.2180303	0	4.15368919	4.15368919	268.854959	25.5135	48	0	20
91.0619857	85.4664493	15	3.61178215	3.61178215	-78.9137382	27.2187	59	0	56
162.867113	83.6375322	30	4.08301873	4.08301873	-8.32998032	53.4848	24	2	65
169.515501	82.7857093	45	3.29999312	3.29999312	-2.4981289	71.8829	27	2	72
170.417622	81.6544701	60	4.08928325	4.08928325	-2.53533454	45.4096	28	35	90
193.360896	75.1358441	75	4.24767436	4.24767436	14.8097807	54.2386	22	45	100
196.013032	70.1889389	90	4.70942642	4.70942642	7.19416177	85.9099	12	50	150
185.950393	69.8787606	105	4.77262904	4.77262904	-14.6129092	117.334	9	50	150
189.105872	68.6750066	120	3.69661564	3.69661564	-28.0717027	100.544	16	65	160
