> 1. time window length: 30 m.y.; step: 15.0 m.y.
79.108977	84.9429227	0	3.99060213	3.99060213	269.169701	27.5589	48	0	20
91.1073322	85.1763617	15	3.49009295	3.49009295	-78.9174067	29.0794	59	0	56
158.981228	83.1355361	30	4.07133361	4.07133361	-12.5598762	53.7866	24	2	65
168.58769	83.0509686	45	3.17185159	3.17185159	-3.12400605	77.7273	27	2	72
169.218721	81.51912	60	4.04772449	4.04772449	-3.84686981	46.3266	28	35	90
193.68561	75.1282787	75	4.19208277	4.19208277	15.1402941	55.6605	22	45	100
194.258156	70.6114723	90	4.57033292	4.57033292	5.97335333	91.1591	12	50	150
184.559882	70.5278871	105	4.43712463	4.43712463	-15.0327339	135.598	9	50	150
190.654551	69.2370652	120	3.44374685	3.44374685	-26.4093753	115.704	16	65	160
