> 1. time window length: 30 m.y.; step: 15.0 m.y.
78.3027432	84.5402016	0	4.1142186	4.1142186	269.044675	24.4711	51	0	65
97.4045438	84.8741845	15	3.45258383	3.45258383	-72.1755637	26.578	66	0	65
155.178383	84.2597256	30	3.4314352	3.4314352	-15.6580013	61.7788	29	0	72
161.065587	83.0725207	45	2.95805987	2.95805987	-9.76332607	59.3985	40	2	650
177.45237	80.494642	60	3.23851384	3.23851384	2.53041233	38.1357	52	2	650
181.124039	77.5707714	75	4.20049242	4.20049242	3.3117704	31.5432	38	2	650
195.448405	74.2721258	90	4.19848819	4.19848819	9.59707893	43.1286	28	45	650
189.876919	70.592727	105	3.81018692	3.81018692	-17.2101823	61.2732	24	50	650
192.243232	69.8038077	120	3.66837878	3.66837878	-22.4359575	72.3878	22	50	650
