> 1. time window length: 30 m.y.; step: 15.0 m.y.
79.4005339	84.3804043	0	4.29700926	4.29700926	269.442786	23.9048	48	0	20
91.3221613	84.5798715	15	3.69156484	3.69156484	-78.8119905	26.0973	59	0	56
148.686553	83.4360049	30	3.85472937	3.85472937	-22.221839	59.8879	24	2	65
160.832365	82.7571674	45	3.11677215	3.11677215	-11.0053148	80.4638	27	2	72
167.18628	81.8256744	60	4.17444216	4.17444216	-5.53049928	43.6155	28	35	90
193.556304	75.0449658	75	4.07108276	4.07108276	14.9107763	58.9593	22	45	100
193.311449	71.2935377	90	4.38325853	4.38325853	5.85812536	99.0222	12	50	150
183.65743	71.5087079	105	3.98127509	3.98127509	-14.6774364	168.196	9	50	150
192.818865	69.609989	120	3.02300367	3.02300367	-24.3733707	149.864	16	65	160
