> 1. time window length: 30 m.y.; step: 15.0 m.y.
78.826828	84.4636465	0	3.64359506	3.64359506	268.91764	32.8606	48	0	20
91.3260135	84.7706592	15	3.25121187	3.25121187	-78.7786175	33.3585	59	0	56
163.778273	82.6554325	30	4.01357337	4.01357337	-8.31882463	55.3175	24	2	65
169.838065	83.1339377	45	3.18775385	3.18775385	-1.79932974	76.9636	27	2	72
174.115124	82.0614897	60	3.82029318	3.82029318	1.53271749	51.8861	28	35	90
194.054077	75.6207376	75	4.09406173	4.09406173	16.082555	58.3103	22	45	100
193.994439	70.9935463	90	4.69152004	4.69152004	6.17336384	86.5596	12	50	150
183.032742	70.3665516	105	4.30178396	4.30178396	-16.4910493	144.204	9	50	150
191.182071	69.3687443	120	3.3808307	3.3808307	-25.8834527	120.014	16	65	160
