> 1. time window length: 2 m.y.; step: 1.0 m.y.
257.599715	75.4323347	0	4.67387418	4.67387418	-83.9099381	696.76	3	0	3
284.123488	73.6184813	1	7.39338361	7.39338361	-62.903388	57.089	8	0	14
284.123488	73.6184813	2	7.39338361	7.39338361	-62.903388	57.089	8	0	14
287.897053	73.3219788	3	8.29795456	8.29795456	-59.9597413	53.8745	7	0	14
295.748824	72.5471115	4	15.0243325	15.0243325	-54.5147752	38.3643	4	1	14
296.474995	74.1460582	5	10.3662718	10.3662718	-53.5526505	42.7268	6	1	25
301.603923	72.318805	6	10.500863	10.500863	-50.754537	41.6627	6	1	25
301.603923	72.318805	7	10.500863	10.500863	-50.754537	41.6627	6	1	25
299.899486	71.3073937	8	7.88641666	7.88641666	-52.3728873	50.2895	8	1	25
299.899486	71.3073937	9	7.88641666	7.88641666	-52.3728873	50.2895	8	1	25
299.899486	71.3073937	10	7.88641666	7.88641666	-52.3728873	50.2895	8	1	25
298.431614	71.539518	11	7.3999177	7.3999177	-53.2954234	49.3658	9	1	25
295.740915	72.1647168	12	8.36677934	8.36677934	-54.8401238	44.787	8	1	25
295.740915	72.1647168	13	8.36677934	8.36677934	-54.8401238	44.787	8	1	25
302.41357	73.1336116	14	11.522824	11.522824	-47.2581493	34.7609	6	1	25
259.196731	78.5944288	15	14.2364617	14.2364617	-85.5303345	29.8383	5	5	25
232.375156	78.3080847	16	13.9160424	13.9160424	250.166299	24.1309	6	5	29
206.390247	76.8501524	17	14.0598869	14.0598869	228.374745	30.5685	5	5	29
206.390247	76.8501524	18	14.0598869	14.0598869	228.374745	30.5685	5	5	29
192.814153	75.6125941	19	22.008994	22.008994	216.418627	32.4301	3	5	29
192.814153	75.6125941	20	22.008994	22.008994	216.418627	32.4301	3	5	29
192.814153	75.6125941	21	22.008994	22.008994	216.418627	32.4301	3	5	29
192.814153	75.6125941	22	22.008994	22.008994	216.418627	32.4301	3	5	29
192.814153	75.6125941	23	22.008994	22.008994	216.418627	32.4301	3	5	29
192.814153	75.6125941	24	22.008994	22.008994	216.418627	32.4301	3	5	29
213.097217	70.3242646	25	15.0303095	15.0303095	236.585635	20.821	6	5	55
214.746473	65.7623817	26	21.2166873	21.2166873	238.785288	19.72	4	16	55
214.746473	65.7623817	27	21.2166873	21.2166873	238.785288	19.72	4	16	55
214.746473	65.7623817	28	21.2166873	21.2166873	238.785288	19.72	4	16	55
211.539271	64.4344173	29	15.6498582	15.6498582	235.827189	24.8559	5	16	55
227.849761	64.2694053	30	20.3895219	20.3895219	249.960288	15.0336	5	25	60
227.849761	64.2694053	31	20.3895219	20.3895219	249.960288	15.0336	5	25	60
227.849761	64.2694053	32	20.3895219	20.3895219	249.960288	15.0336	5	25	60
227.849761	64.2694053	33	20.3895219	20.3895219	249.960288	15.0336	5	25	60
227.849761	64.2694053	34	20.3895219	20.3895219	249.960288	15.0336	5	25	60
227.849761	64.2694053	35	20.3895219	20.3895219	249.960288	15.0336	5	25	60
227.849761	64.2694053	36	20.3895219	20.3895219	249.960288	15.0336	5	25	60
227.849761	64.2694053	37	20.3895219	20.3895219	249.960288	15.0336	5	25	60
227.849761	64.2694053	38	20.3895219	20.3895219	249.960288	15.0336	5	25	60
227.849761	64.2694053	39	20.3895219	20.3895219	249.960288	15.0336	5	25	60
232.546147	65.8964568	40	18.0044392	18.0044392	254.072707	12.1921	7	25	65
232.546147	65.8964568	41	18.0044392	18.0044392	254.072707	12.1921	7	25	65
232.546147	65.8964568	42	18.0044392	18.0044392	254.072707	12.1921	7	25	65
232.546147	65.8964568	43	18.0044392	18.0044392	254.072707	12.1921	7	25	65
232.546147	65.8964568	44	18.0044392	18.0044392	254.072707	12.1921	7	25	65
232.546147	65.8964568	45	18.0044392	18.0044392	254.072707	12.1921	7	25	65
232.546147	65.8964568	46	18.0044392	18.0044392	254.072707	12.1921	7	25	65
232.546147	65.8964568	47	18.0044392	18.0044392	254.072707	12.1921	7	25	65
232.546147	65.8964568	48	18.0044392	18.0044392	254.072707	12.1921	7	25	65
232.546147	65.8964568	49	18.0044392	18.0044392	254.072707	12.1921	7	25	65
233.100249	64.4449846	50	15.6014404	15.6014404	254.733513	13.5598	8	25	65
240.829903	64.5927407	51	17.7714118	17.7714118	261.720377	12.4888	7	25	65
240.829903	64.5927407	52	17.7714118	17.7714118	261.720377	12.4888	7	25	65
240.829903	64.5927407	53	17.7714118	17.7714118	261.720377	12.4888	7	25	65
240.829903	64.5927407	54	17.7714118	17.7714118	261.720377	12.4888	7	25	65
240.829903	64.5927407	55	17.7714118	17.7714118	261.720377	12.4888	7	25	65
260.224213	56.9550912	56	21.5814948	21.5814948	-82.227321	10.5874	6	30	65
266.792697	56.6084964	57	26.8598198	26.8598198	-76.569256	9.06612	5	30	65
266.792697	56.6084964	58	26.8598198	26.8598198	-76.569256	9.06612	5	30	65
266.792697	56.6084964	59	26.8598198	26.8598198	-76.569256	9.06612	5	30	65
276.828261	55.2547333	60	19.7874999	19.7874999	-69.8728073	5.00415	14	30	70
278.484869	54.2732888	61	22.556066	22.556066	-68.7614137	4.66783	12	40	70
279.062352	52.3696169	62	20.460224	20.460224	-67.7363541	5.07234	13	40	70
282.25471	43.9812178	63	9.10477308	9.10477308	-63.740953	9.03371	31	40	70
282.966482	43.1250454	64	8.53695747	8.53695747	-62.7565258	9.55882	33	40	70
283.775819	40.8653276	65	8.35290793	8.35290793	-61.8431522	9.40628	35	40	105
286.832988	37.2623789	66	7.61793434	7.61793434	-58.2723886	14.2871	27	60	105
287.10629	37.2669668	67	8.00747417	8.00747417	-58.2095326	13.5161	26	60	105
286.546558	36.9923462	68	7.81492823	7.81492823	-58.6632376	13.6248	27	60	105
291.072119	39.3616999	69	34.6531458	34.6531458	-57.447269	3.98607	7	60	105
281.819809	40.0489655	70	29.8080865	29.8080865	-65.1739608	4.40746	8	60	120
277.335668	25.6010244	71	30.73556	30.73556	-65.597748	9.90399	4	65	120
277.335668	25.6010244	72	30.73556	30.73556	-65.597748	9.90399	4	65	120
277.335668	25.6010244	73	30.73556	30.73556	-65.597748	9.90399	4	65	120
277.335668	25.6010244	74	30.73556	30.73556	-65.597748	9.90399	4	65	120
277.335668	25.6010244	75	30.73556	30.73556	-65.597748	9.90399	4	65	120
277.335668	25.6010244	76	30.73556	30.73556	-65.597748	9.90399	4	65	120
277.335668	25.6010244	77	30.73556	30.73556	-65.597748	9.90399	4	65	120
280.804241	25.1514089	78	30.074123	30.074123	-61.0147604	10.3013	4	65	120
280.804241	25.1514089	79	30.074123	30.074123	-61.0147604	10.3013	4	65	120
280.804241	25.1514089	80	30.074123	30.074123	-61.0147604	10.3013	4	65	120
280.804241	25.1514089	81	30.074123	30.074123	-61.0147604	10.3013	4	65	120
280.804241	25.1514089	82	30.074123	30.074123	-61.0147604	10.3013	4	65	120
280.804241	25.1514089	83	30.074123	30.074123	-61.0147604	10.3013	4	65	120
275.823237	34.2208967	84	37.7598468	37.7598468	-69.2093099	11.7201	3	65	120
277.441079	33.6992623	85	33.6981577	33.6981577	-69.1157096	14.4427	3	65	135
277.441079	33.6992623	86	33.6981577	33.6981577	-69.1157096	14.4427	3	65	135
277.441079	33.6992623	87	33.6981577	33.6981577	-69.1157096	14.4427	3	65	135
277.441079	33.6992623	88	33.6981577	33.6981577	-69.1157096	14.4427	3	65	135
277.441079	33.6992623	89	33.6981577	33.6981577	-69.1157096	14.4427	3	65	135
277.441079	33.6992623	90	33.6981577	33.6981577	-69.1157096	14.4427	3	65	135
277.441079	33.6992623	91	33.6981577	33.6981577	-69.1157096	14.4427	3	65	135
277.441079	33.6992623	92	33.6981577	33.6981577	-69.1157096	14.4427	3	65	135
277.441079	33.6992623	93	33.6981577	33.6981577	-69.1157096	14.4427	3	65	135
277.441079	33.6992623	94	33.6981577	33.6981577	-69.1157096	14.4427	3	65	135
277.441079	33.6992623	95	33.6981577	33.6981577	-69.1157096	14.4427	3	65	135
277.441079	33.6992623	96	33.6981577	33.6981577	-69.1157096	14.4427	3	65	135
277.441079	33.6992623	97	33.6981577	33.6981577	-69.1157096	14.4427	3	65	135
277.441079	33.6992623	98	33.6981577	33.6981577	-69.1157096	14.4427	3	65	135
277.441079	33.6992623	99	33.6981577	33.6981577	-69.1157096	14.4427	3	65	135
277.441079	33.6992623	100	33.6981577	33.6981577	-69.1157096	14.4427	3	65	135
277.441079	33.6992623	101	33.6981577	33.6981577	-69.1157096	14.4427	3	65	135
277.441079	33.6992623	102	33.6981577	33.6981577	-69.1157096	14.4427	3	65	135
277.441079	33.6992623	103	33.6981577	33.6981577	-69.1157096	14.4427	3	65	135
277.441079	33.6992623	104	33.6981577	33.6981577	-69.1157096	14.4427	3	65	135
277.441079	33.6992623	105	33.6981577	33.6981577	-69.1157096	14.4427	3	65	135
271.793437	33.3732272	106	180	180	-71.0340244	8.9913	2	70	135
271.793437	33.3732272	107	180	180	-71.0340244	8.9913	2	70	135
271.793437	33.3732272	108	180	180	-71.0340244	8.9913	2	70	135
271.793437	33.3732272	109	180	180	-71.0340244	8.9913	2	70	135
271.793437	33.3732272	110	180	180	-71.0340244	8.9913	2	70	135
271.793437	33.3732272	111	180	180	-71.0340244	8.9913	2	70	135
277.003568	32.3397281	112	32.6098031	32.6098031	-67.0499658	15.3505	3	70	135
277.003568	32.3397281	113	32.6098031	32.6098031	-67.0499658	15.3505	3	70	135
277.003568	32.3397281	114	32.6098031	32.6098031	-67.0499658	15.3505	3	70	135
289.953032	17.8460147	115	12.5144034	12.5144034	-57.4367489	17.8827	9	70	135
290.80299	18.1743868	116	13.8499394	13.8499394	-58.5373275	10.7862	12	70	135
290.80299	18.1743868	117	13.8499394	13.8499394	-58.5373275	10.7862	12	70	135
282.858294	26.5091494	118	26.2330522	26.2330522	-62.5005443	13.2341	4	70	135
277.003568	32.3397281	119	32.6098031	32.6098031	-67.0499658	15.3505	3	70	135
277.003568	32.3397281	120	32.6098031	32.6098031	-67.0499658	15.3505	3	70	135
