> 1. time window length: 2 m.y.; step: 1.0 m.y.
256.894484	75.1670386	0	4.48018591	4.48018591	-84.5435374	758.214	3	0	3
286.451114	73.4746151	1	7.53008337	7.53008337	-60.8812602	55.0693	8	0	14
286.451114	73.4746151	2	7.53008337	7.53008337	-60.8812602	55.0693	8	0	14
290.266499	73.1289141	3	8.39393838	8.39393838	-57.9154685	52.6711	7	0	14
295.143528	72.9187674	4	14.6560052	14.6560052	-54.9753924	40.2677	4	1	14
295.66676	74.0628225	5	10.0173038	10.0173038	-54.2866197	45.6884	6	1	25
301.917558	71.8138043	6	10.1692502	10.1692502	-50.5746319	44.3614	6	1	25
301.917558	71.8138043	7	10.1692502	10.1692502	-50.5746319	44.3614	6	1	25
298.007467	70.8352897	8	7.28854213	7.28854213	-54.1042319	58.7156	8	1	25
298.007467	70.8352897	9	7.28854213	7.28854213	-54.1042319	58.7156	8	1	25
298.007467	70.8352897	10	7.28854213	7.28854213	-54.1042319	58.7156	8	1	25
292.508696	71.6691278	11	7.17148377	7.17148377	-58.4590113	52.4989	9	1	25
288.858825	72.1743357	12	7.93446714	7.93446714	-60.8732946	49.6938	8	1	25
288.858825	72.1743357	13	7.93446714	7.93446714	-60.8732946	49.6938	8	1	25
290.158898	73.2504414	14	10.8236588	10.8236588	-58.0099871	39.2704	6	1	25
259.154456	75.9891944	15	12.4505438	12.4505438	-85.6369946	38.7204	5	5	25
244.449786	76.540307	16	12.5028129	12.5028129	261.200061	29.668	6	5	29
230.683674	76.3973237	17	13.9018058	13.9018058	250.246438	31.2459	5	5	29
230.683674	76.3973237	18	13.9018058	13.9018058	250.246438	31.2459	5	5	29
194.248241	74.7333384	19	20.5962259	20.5962259	218.015462	36.8816	3	5	29
194.248241	74.7333384	20	20.5962259	20.5962259	218.015462	36.8816	3	5	29
194.248241	74.7333384	21	20.5962259	20.5962259	218.015462	36.8816	3	5	29
194.248241	74.7333384	22	20.5962259	20.5962259	218.015462	36.8816	3	5	29
194.248241	74.7333384	23	20.5962259	20.5962259	218.015462	36.8816	3	5	29
194.248241	74.7333384	24	20.5962259	20.5962259	218.015462	36.8816	3	5	29
208.597788	71.2010562	25	13.8243431	13.8243431	232.535398	24.4395	6	5	55
210.305978	66.0394089	26	20.1781408	20.1781408	235.000815	21.7	4	16	55
210.305978	66.0394089	27	20.1781408	20.1781408	235.000815	21.7	4	16	55
210.305978	66.0394089	28	20.1781408	20.1781408	235.000815	21.7	4	16	55
207.891767	64.3686658	29	14.5826886	14.5826886	232.797835	28.4828	5	16	55
229.97289	64.3101017	30	21.3303695	21.3303695	251.763999	13.8186	5	25	60
229.97289	64.3101017	31	21.3303695	21.3303695	251.763999	13.8186	5	25	60
229.97289	64.3101017	32	21.3303695	21.3303695	251.763999	13.8186	5	25	60
229.97289	64.3101017	33	21.3303695	21.3303695	251.763999	13.8186	5	25	60
229.97289	64.3101017	34	21.3303695	21.3303695	251.763999	13.8186	5	25	60
229.97289	64.3101017	35	21.3303695	21.3303695	251.763999	13.8186	5	25	60
229.97289	64.3101017	36	21.3303695	21.3303695	251.763999	13.8186	5	25	60
229.97289	64.3101017	37	21.3303695	21.3303695	251.763999	13.8186	5	25	60
229.97289	64.3101017	38	21.3303695	21.3303695	251.763999	13.8186	5	25	60
229.97289	64.3101017	39	21.3303695	21.3303695	251.763999	13.8186	5	25	60
235.616231	67.3099156	40	19.883339	19.883339	256.658084	10.1679	7	25	65
235.616231	67.3099156	41	19.883339	19.883339	256.658084	10.1679	7	25	65
235.616231	67.3099156	42	19.883339	19.883339	256.658084	10.1679	7	25	65
235.616231	67.3099156	43	19.883339	19.883339	256.658084	10.1679	7	25	65
235.616231	67.3099156	44	19.883339	19.883339	256.658084	10.1679	7	25	65
235.616231	67.3099156	45	19.883339	19.883339	256.658084	10.1679	7	25	65
235.616231	67.3099156	46	19.883339	19.883339	256.658084	10.1679	7	25	65
235.616231	67.3099156	47	19.883339	19.883339	256.658084	10.1679	7	25	65
235.616231	67.3099156	48	19.883339	19.883339	256.658084	10.1679	7	25	65
235.616231	67.3099156	49	19.883339	19.883339	256.658084	10.1679	7	25	65
235.176232	64.4097686	50	16.6038625	16.6038625	256.505086	12.0836	8	25	65
241.483729	64.4536149	51	18.8235226	18.8235226	262.283748	11.235	7	25	65
241.483729	64.4536149	52	18.8235226	18.8235226	262.283748	11.235	7	25	65
241.483729	64.4536149	53	18.8235226	18.8235226	262.283748	11.235	7	25	65
241.483729	64.4536149	54	18.8235226	18.8235226	262.283748	11.235	7	25	65
241.483729	64.4536149	55	18.8235226	18.8235226	262.283748	11.235	7	25	65
253.808749	58.5468463	56	22.5006407	22.5006407	-87.6433611	9.816	6	30	65
259.390265	58.9823609	57	28.8301572	28.8301572	-82.7906229	7.99496	5	30	65
259.390265	58.9823609	58	28.8301572	28.8301572	-82.7906229	7.99496	5	30	65
259.390265	58.9823609	59	28.8301572	28.8301572	-82.7906229	7.99496	5	30	65
275.483842	59.7710024	60	20.8997432	20.8997432	-71.1835816	4.58611	14	30	70
280.543486	58.096739	61	23.609562	23.609562	-67.0911426	4.34477	12	40	70
280.806247	56.0638432	62	21.636393	21.636393	-66.3926196	4.63816	13	40	70
280.452896	44.0548617	63	8.78197228	8.78197228	-65.4324005	9.6363	31	40	70
281.101325	43.5290412	64	8.26623319	8.26623319	-64.5568477	10.1296	33	40	70
281.548071	42.4347016	65	8.11793922	8.11793922	-64.1887421	9.90075	35	40	105
283.386706	39.240556	66	7.53837803	7.53837803	-61.9365857	14.5694	27	60	105
283.430042	39.3315213	67	7.85740589	7.85740589	-62.1089528	13.9994	26	60	105
283.444432	38.5698206	68	7.63121654	7.63121654	-61.9392954	14.2409	27	60	105
294.071144	44.6857824	69	36.3904181	36.3904181	-55.7510521	3.70341	7	60	105
291.342466	44.7272354	70	32.6638965	32.6638965	-57.5269233	3.8302	8	60	120
287.956967	22.6019472	71	23.6979435	23.6979435	-55.507952	15.9987	4	65	120
287.956967	22.6019472	72	23.6979435	23.6979435	-55.507952	15.9987	4	65	120
287.956967	22.6019472	73	23.6979435	23.6979435	-55.507952	15.9987	4	65	120
287.956967	22.6019472	74	23.6979435	23.6979435	-55.507952	15.9987	4	65	120
287.956967	22.6019472	75	23.6979435	23.6979435	-55.507952	15.9987	4	65	120
287.956967	22.6019472	76	23.6979435	23.6979435	-55.507952	15.9987	4	65	120
287.956967	22.6019472	77	23.6979435	23.6979435	-55.507952	15.9987	4	65	120
289.825031	20.0188241	78	23.9913551	23.9913551	-50.657455	15.6333	4	65	120
289.825031	20.0188241	79	23.9913551	23.9913551	-50.657455	15.6333	4	65	120
289.825031	20.0188241	80	23.9913551	23.9913551	-50.657455	15.6333	4	65	120
289.825031	20.0188241	81	23.9913551	23.9913551	-50.657455	15.6333	4	65	120
289.825031	20.0188241	82	23.9913551	23.9913551	-50.657455	15.6333	4	65	120
289.825031	20.0188241	83	23.9913551	23.9913551	-50.657455	15.6333	4	65	120
289.780946	28.0735559	84	32.8553844	32.8553844	-53.7388587	15.1378	3	65	120
279.394792	33.6303556	85	31.9554698	31.9554698	-67.1323951	15.9415	3	65	135
279.394792	33.6303556	86	31.9554698	31.9554698	-67.1323951	15.9415	3	65	135
279.394792	33.6303556	87	31.9554698	31.9554698	-67.1323951	15.9415	3	65	135
279.394792	33.6303556	88	31.9554698	31.9554698	-67.1323951	15.9415	3	65	135
279.394792	33.6303556	89	31.9554698	31.9554698	-67.1323951	15.9415	3	65	135
279.394792	33.6303556	90	31.9554698	31.9554698	-67.1323951	15.9415	3	65	135
279.394792	33.6303556	91	31.9554698	31.9554698	-67.1323951	15.9415	3	65	135
279.394792	33.6303556	92	31.9554698	31.9554698	-67.1323951	15.9415	3	65	135
279.394792	33.6303556	93	31.9554698	31.9554698	-67.1323951	15.9415	3	65	135
279.394792	33.6303556	94	31.9554698	31.9554698	-67.1323951	15.9415	3	65	135
279.394792	33.6303556	95	31.9554698	31.9554698	-67.1323951	15.9415	3	65	135
279.394792	33.6303556	96	31.9554698	31.9554698	-67.1323951	15.9415	3	65	135
279.394792	33.6303556	97	31.9554698	31.9554698	-67.1323951	15.9415	3	65	135
279.394792	33.6303556	98	31.9554698	31.9554698	-67.1323951	15.9415	3	65	135
279.394792	33.6303556	99	31.9554698	31.9554698	-67.1323951	15.9415	3	65	135
279.394792	33.6303556	100	31.9554698	31.9554698	-67.1323951	15.9415	3	65	135
279.394792	33.6303556	101	31.9554698	31.9554698	-67.1323951	15.9415	3	65	135
279.394792	33.6303556	102	31.9554698	31.9554698	-67.1323951	15.9415	3	65	135
279.394792	33.6303556	103	31.9554698	31.9554698	-67.1323951	15.9415	3	65	135
279.394792	33.6303556	104	31.9554698	31.9554698	-67.1323951	15.9415	3	65	135
279.394792	33.6303556	105	31.9554698	31.9554698	-67.1323951	15.9415	3	65	135
272.421056	33.2210928	106	180	180	-70.3457623	8.98437	2	70	135
272.421056	33.2210928	107	180	180	-70.3457623	8.98437	2	70	135
272.421056	33.2210928	108	180	180	-70.3457623	8.98437	2	70	135
272.421056	33.2210928	109	180	180	-70.3457623	8.98437	2	70	135
272.421056	33.2210928	110	180	180	-70.3457623	8.98437	2	70	135
272.421056	33.2210928	111	180	180	-70.3457623	8.98437	2	70	135
281.798756	31.1584225	112	25.1261692	25.1261692	-61.7416459	25.1291	3	70	135
281.798756	31.1584225	113	25.1261692	25.1261692	-61.7416459	25.1291	3	70	135
281.798756	31.1584225	114	25.1261692	25.1261692	-61.7416459	25.1291	3	70	135
294.13591	13.3210239	115	8.97944586	8.97944586	-50.9254769	33.8328	9	70	135
292.229099	17.8832293	116	19.940238	19.940238	-56.9606794	5.703	12	70	135
292.229099	17.8832293	117	19.940238	19.940238	-56.9606794	5.703	12	70	135
288.088432	22.8455741	118	21.7465306	21.7465306	-55.7678174	18.8173	4	70	135
281.798756	31.1584225	119	25.1261692	25.1261692	-61.7416459	25.1291	3	70	135
281.798756	31.1584225	120	25.1261692	25.1261692	-61.7416459	25.1291	3	70	135
