> 1. time window length: 2 m.y.; step: 1.0 m.y.
256.894484	75.1670386	0	4.48018591	4.48018591	-84.5435374	758.214	3	0	3
269.833915	74.5578834	1	5.17577824	5.17577824	-75.3877663	115.498	8	0	14
279.072806	73.8220457	2	6.02031826	6.02031826	-67.3162158	85.6151	8	0	14
284.583478	73.8546833	3	7.05280706	7.05280706	-62.7876263	74.2114	7	0	14
291.780522	74.4757118	4	12.614003	12.614003	-57.6522034	54.0224	4	1	14
294.77374	73.8671156	5	9.81710352	9.81710352	-55.1158668	47.5318	6	1	25
301.976873	71.7918612	6	10.152578	10.152578	-50.5266713	44.5041	6	1	25
304.094981	70.9605416	7	9.45756824	9.45756824	-48.8302596	51.141	6	1	25
301.426216	70.2782809	8	7.08145888	7.08145888	-51.2213269	62.1433	8	1	25
299.772367	69.8106157	9	6.64431662	6.64431662	-52.7336036	70.4598	8	1	25
299.772367	69.8106157	10	6.64431662	6.64431662	-52.7336036	70.4598	8	1	25
294.482625	70.7571968	11	6.76138541	6.76138541	-56.8662791	58.9409	9	1	25
288.270736	71.5882023	12	7.69231728	7.69231728	-61.4657823	52.8107	8	1	25
287.653479	72.3335046	13	8.13473522	8.13473522	-61.909893	47.3234	8	1	25
280.995696	73.9544262	14	9.90205636	9.90205636	-65.9784692	46.7359	6	1	25
264.739177	75.1938111	15	11.1056135	11.1056135	-80.6854903	48.4228	5	5	25
245.787529	76.1481866	16	11.2006518	11.2006518	262.415111	36.7341	6	5	29
233.025541	76.0340833	17	13.3510168	13.3510168	252.375787	33.7972	5	5	29
219.822499	76.3030844	18	13.6950787	13.6950787	240.55848	32.1675	5	5	29
194.360455	74.6987845	19	20.5114932	20.5114932	218.127571	37.1781	3	5	29
194.360455	74.6987845	20	20.5114932	20.5114932	218.127571	37.1781	3	5	29
194.360455	74.6987845	21	20.5114932	20.5114932	218.127571	37.1781	3	5	29
194.360455	74.6987845	22	20.5114932	20.5114932	218.127571	37.1781	3	5	29
194.360455	74.6987845	23	20.5114932	20.5114932	218.127571	37.1781	3	5	29
194.360455	74.6987845	24	20.5114932	20.5114932	218.127571	37.1781	3	5	29
201.152532	71.169223	25	12.2593827	12.2593827	226.063064	30.8199	6	5	55
206.956183	66.3337824	26	19.2197754	19.2197754	232.134765	23.8192	4	16	55
206.956183	66.3337824	27	19.2197754	19.2197754	232.134765	23.8192	4	16	55
206.956183	66.3337824	28	19.2197754	19.2197754	232.134765	23.8192	4	16	55
210.753654	64.8110199	29	15.7112773	15.7112773	235.129799	24.6693	5	16	55
222.847232	63.8546167	30	19.266816	19.266816	245.74468	16.7227	5	25	60
229.97289	64.3101017	31	21.3303695	21.3303695	251.763999	13.8186	5	25	60
229.97289	64.3101017	32	21.3303695	21.3303695	251.763999	13.8186	5	25	60
229.97289	64.3101017	33	21.3303695	21.3303695	251.763999	13.8186	5	25	60
229.97289	64.3101017	34	21.3303695	21.3303695	251.763999	13.8186	5	25	60
229.97289	64.3101017	35	21.3303695	21.3303695	251.763999	13.8186	5	25	60
229.97289	64.3101017	36	21.3303695	21.3303695	251.763999	13.8186	5	25	60
229.97289	64.3101017	37	21.3303695	21.3303695	251.763999	13.8186	5	25	60
229.97289	64.3101017	38	21.3303695	21.3303695	251.763999	13.8186	5	25	60
229.97289	64.3101017	39	21.3303695	21.3303695	251.763999	13.8186	5	25	60
229.860618	66.051665	40	18.068381	18.068381	251.765817	12.1126	7	25	65
229.791246	67.0206337	41	18.9736709	18.9736709	251.658116	11.0729	7	25	65
229.791246	67.0206337	42	18.9736709	18.9736709	251.658116	11.0729	7	25	65
229.791246	67.0206337	43	18.9736709	18.9736709	251.658116	11.0729	7	25	65
229.791246	67.0206337	44	18.9736709	18.9736709	251.658116	11.0729	7	25	65
229.791246	67.0206337	45	18.9736709	18.9736709	251.658116	11.0729	7	25	65
229.791246	67.0206337	46	18.9736709	18.9736709	251.658116	11.0729	7	25	65
229.791246	67.0206337	47	18.9736709	18.9736709	251.658116	11.0729	7	25	65
229.791246	67.0206337	48	18.9736709	18.9736709	251.658116	11.0729	7	25	65
237.403564	67.355393	49	20.1145066	20.1145066	258.198304	9.95727	7	25	65
240.011372	63.9383001	50	16.6390767	16.6390767	260.645736	12.0365	8	25	65
236.337067	62.2099838	51	16.4216003	16.4216003	257.912503	14.4636	7	25	65
236.337067	62.2099838	52	16.4216003	16.4216003	257.912503	14.4636	7	25	65
236.337067	62.2099838	53	16.4216003	16.4216003	257.912503	14.4636	7	25	65
236.337067	62.2099838	54	16.4216003	16.4216003	257.912503	14.4636	7	25	65
238.016429	61.8416367	55	16.6281073	16.6281073	259.349654	14.13	7	25	65
247.999518	59.8217458	56	22.1375598	22.1375598	267.442548	10.1092	6	30	65
254.360153	58.1131963	57	28.1414867	28.1414867	-87.0437598	8.34387	5	30	65
254.360153	58.1131963	58	28.1414867	28.1414867	-87.0437598	8.34387	5	30	65
254.360153	58.1131963	59	28.1414867	28.1414867	-87.0437598	8.34387	5	30	65
272.426627	57.4529761	60	20.3213372	20.3213372	-73.8506464	4.79494	14	30	70
277.053466	56.8504395	61	23.7401543	23.7401543	-70.151714	4.30769	12	40	70
277.698178	55.1894059	62	21.8381187	21.8381187	-69.1169126	4.57066	13	40	70
279.478954	45.0008534	63	9.46162235	9.46162235	-66.487139	8.43802	31	40	70
280.312745	42.0297234	64	7.4946916	7.4946916	-65.0476274	12.1091	33	40	70
281.60762	40.2961144	65	6.2638328	6.2638328	-63.7513872	15.9592	35	40	105
282.555702	38.5555294	66	5.83941644	5.83941644	-62.5762396	23.6257	27	60	105
282.414973	38.4239547	67	6.14693979	6.14693979	-62.8778291	22.2519	26	60	105
282.542075	38.8015845	68	7.44748537	7.44748537	-62.8485499	14.9031	27	60	105
284.010658	41.5769072	69	27.7464348	27.7464348	-64.0814151	5.68429	7	60	105
285.257325	38.1688538	70	23.8714181	23.8714181	-61.7598653	6.3384	8	60	120
289.480092	23.8063105	71	21.4505499	21.4505499	-54.6636105	19.3133	4	65	120
289.480092	23.8063105	72	21.4505499	21.4505499	-54.6636105	19.3133	4	65	120
289.480092	23.8063105	73	21.4505499	21.4505499	-54.6636105	19.3133	4	65	120
289.480092	23.8063105	74	21.4505499	21.4505499	-54.6636105	19.3133	4	65	120
289.480092	23.8063105	75	21.4505499	21.4505499	-54.6636105	19.3133	4	65	120
289.480092	23.8063105	76	21.4505499	21.4505499	-54.6636105	19.3133	4	65	120
287.441232	22.1859389	77	24.3635063	24.3635063	-55.7933668	15.1887	4	65	120
290.720781	20.1906663	78	23.0942429	23.0942429	-49.9795926	16.7948	4	65	120
293.492844	20.6913318	79	19.6682247	19.6682247	-47.9458831	22.789	4	65	120
293.492844	20.6913318	80	19.6682247	19.6682247	-47.9458831	22.789	4	65	120
293.492844	20.6913318	81	19.6682247	19.6682247	-47.9458831	22.789	4	65	120
293.492844	20.6913318	82	19.6682247	19.6682247	-47.9458831	22.789	4	65	120
293.957262	22.6111288	83	19.1558898	19.1558898	-48.356761	23.9719	4	65	120
291.135981	27.2403282	84	31.3431932	31.3431932	-52.227367	16.5284	3	65	120
276.590732	34.8739663	85	32.4491278	32.4491278	-70.216728	15.4923	3	65	135
279.394792	33.6303556	86	31.9554698	31.9554698	-67.1323951	15.9415	3	65	135
279.394792	33.6303556	87	31.9554698	31.9554698	-67.1323951	15.9415	3	65	135
279.394792	33.6303556	88	31.9554698	31.9554698	-67.1323951	15.9415	3	65	135
279.394792	33.6303556	89	31.9554698	31.9554698	-67.1323951	15.9415	3	65	135
279.394792	33.6303556	90	31.9554698	31.9554698	-67.1323951	15.9415	3	65	135
279.394792	33.6303556	91	31.9554698	31.9554698	-67.1323951	15.9415	3	65	135
279.394792	33.6303556	92	31.9554698	31.9554698	-67.1323951	15.9415	3	65	135
279.394792	33.6303556	93	31.9554698	31.9554698	-67.1323951	15.9415	3	65	135
279.394792	33.6303556	94	31.9554698	31.9554698	-67.1323951	15.9415	3	65	135
279.394792	33.6303556	95	31.9554698	31.9554698	-67.1323951	15.9415	3	65	135
279.394792	33.6303556	96	31.9554698	31.9554698	-67.1323951	15.9415	3	65	135
279.394792	33.6303556	97	31.9554698	31.9554698	-67.1323951	15.9415	3	65	135
279.394792	33.6303556	98	31.9554698	31.9554698	-67.1323951	15.9415	3	65	135
279.394792	33.6303556	99	31.9554698	31.9554698	-67.1323951	15.9415	3	65	135
279.394792	33.6303556	100	31.9554698	31.9554698	-67.1323951	15.9415	3	65	135
279.394792	33.6303556	101	31.9554698	31.9554698	-67.1323951	15.9415	3	65	135
279.394792	33.6303556	102	31.9554698	31.9554698	-67.1323951	15.9415	3	65	135
279.394792	33.6303556	103	31.9554698	31.9554698	-67.1323951	15.9415	3	65	135
279.394792	33.6303556	104	31.9554698	31.9554698	-67.1323951	15.9415	3	65	135
276.755258	33.5218259	105	34.5149591	34.5149591	-69.7775697	13.8171	3	65	135
272.421056	33.2210928	106	180	180	-70.3457623	8.98437	2	70	135
272.421056	33.2210928	107	180	180	-70.3457623	8.98437	2	70	135
272.421056	33.2210928	108	180	180	-70.3457623	8.98437	2	70	135
272.421056	33.2210928	109	180	180	-70.3457623	8.98437	2	70	135
272.421056	33.2210928	110	180	180	-70.3457623	8.98437	2	70	135
272.421056	33.2210928	111	180	180	-70.3457623	8.98437	2	70	135
279.863017	31.6489728	112	28.8247032	28.8247032	-63.8678681	19.349	3	70	135
282.263154	31.0356336	113	24.0866226	24.0866226	-61.2346288	27.2515	3	70	135
282.263154	31.0356336	114	24.0866226	24.0866226	-61.2346288	27.2515	3	70	135
295.999168	10.231541	115	6.15682864	6.15682864	-47.314663	70.8873	9	70	135
293.648436	15.963745	116	21.6010971	21.6010971	-54.6156785	5.00244	12	70	135
291.800067	19.8927929	117	26.3020923	26.3020923	-58.2945126	3.6883	12	70	135
292.544416	16.2344916	118	18.3066984	18.3066984	-48.2914126	26.1557	4	70	135
282.263154	31.0356336	119	24.0866226	24.0866226	-61.2346288	27.2515	3	70	135
285.015183	30.12513	120	18.7089098	18.7089098	-58.2091483	44.4739	3	70	135
